0 0 0
0 0 10
0 0 100
0 0 102
0 0 103
0 0 104
0 0 106
0 0 107
0 0 108
0 0 11
0 0 110
0 0 111
0 0 112
0 0 114
0 0 115
0 0 116
0 0 118
0 0 119
0 0 12
0 0 120
0 0 122
0 0 123
0 0 124
0 0 126
0 0 127
0 0 128
0 0 130
0 0 131
0 0 132
0 0 134
0 0 135
0 0 136
0 0 138
0 0 139
0 0 14
0 0 140
0 0 142
0 0 143
0 0 144
0 0 146
0 0 147
0 0 148
0 0 15
0 0 150
0 0 151
0 0 152
0 0 154
0 0 155
0 0 156
0 0 158
0 0 159
0 0 16
0 0 160
0 0 162
0 0 163
0 0 164
0 0 166
0 0 167
0 0 168
0 0 170
0 0 171
0 0 172
0 0 174
0 0 175
0 0 176
0 0 178
0 0 179
0 0 18
0 0 180
0 0 182
0 0 183
0 0 184
0 0 186
0 0 187
0 0 188
0 0 19
0 0 190
0 0 191
0 0 192
0 0 194
0 0 195
0 0 196
0 0 198
0 0 199
0 0 2
0 0 20
0 0 200
0 0 202
0 0 203
0 0 204
0 0 206
0 0 207
0 0 208
0 0 210
0 0 211
0 0 212
0 0 214
0 0 215
0 0 216
0 0 218
0 0 219
0 0 22
0 0 220
0 0 222
0 0 223
0 0 224
0 0 226
0 0 227
0 0 228
0 0 23
0 0 230
0 0 231
0 0 232
0 0 234
0 0 235
0 0 236
0 0 238
0 0 239
0 0 24
0 0 240
0 0 242
0 0 243
0 0 244
0 0 246
0 0 247
0 0 248
0 0 250
0 0 251
0 0 252
0 0 254
0 0 255
0 0 256
0 0 258
0 0 259
0 0 26
0 0 260
0 0 262
0 0 263
0 0 264
0 0 266
0 0 267
0 0 268
0 0 27
0 0 270
0 0 271
0 0 272
0 0 274
0 0 275
0 0 276
0 0 278
0 0 279
0 0 28
0 0 280
0 0 282
0 0 283
0 0 284
0 0 286
0 0 287
0 0 288
0 0 290
0 0 291
0 0 292
0 0 294
0 0 295
0 0 296
0 0 298
0 0 299
0 0 3
0 0 30
0 0 300
0 0 302
0 0 303
0 0 304
0 0 306
0 0 307
0 0 308
0 0 31
0 0 310
0 0 311
0 0 312
0 0 314
0 0 315
0 0 316
0 0 318
0 0 319
0 0 32
0 0 320
0 0 322
0 0 323
0 0 324
0 0 326
0 0 327
0 0 328
0 0 330
0 0 331
0 0 332
0 0 334
0 0 335
0 0 336
0 0 338
0 0 339
0 0 34
0 0 340
0 0 342
0 0 343
0 0 344
0 0 346
0 0 347
0 0 348
0 0 35
0 0 350
0 0 351
0 0 352
0 0 354
0 0 355
0 0 356
0 0 358
0 0 359
0 0 36
0 0 360
0 0 362
0 0 363
0 0 364
0 0 366
0 0 367
0 0 368
0 0 370
0 0 371
0 0 372
0 0 374
0 0 375
0 0 376
0 0 378
0 0 379
0 0 38
0 0 380
0 0 382
0 0 383
0 0 384
0 0 386
0 0 387
0 0 388
0 0 39
0 0 390
0 0 391
0 0 392
0 0 394
0 0 395
0 0 396
0 0 4
0 0 40
0 0 42
0 0 43
0 0 44
0 0 46
0 0 47
0 0 48
0 0 50
0 0 51
0 0 52
0 0 54
0 0 55
0 0 56
0 0 58
0 0 59
0 0 6
0 0 60
0 0 62
0 0 63
0 0 64
0 0 66
0 0 67
0 0 68
0 0 7
0 0 70
0 0 71
0 0 72
0 0 74
0 0 75
0 0 76
0 0 78
0 0 79
0 0 8
0 0 80
0 0 82
0 0 83
0 0 84
0 0 86
0 0 87
0 0 88
0 0 90
0 0 91
0 0 92
0 0 94
0 0 95
0 0 96
0 0 98
0 0 99
0 1 1
0 1 10
0 1 101
0 1 102
0 1 103
0 1 105
0 1 106
0 1 107
0 1 109
0 1 11
0 1 110
0 1 111
0 1 113
0 1 114
0 1 115
0 1 117
0 1 118
0 1 119
0 1 121
0 1 122
0 1 123
0 1 125
0 1 126
0 1 127
0 1 129
0 1 13
0 1 130
0 1 131
0 1 133
0 1 134
0 1 135
0 1 137
0 1 138
0 1 139
0 1 14
0 1 141
0 1 142
0 1 143
0 1 145
0 1 146
0 1 147
0 1 149
0 1 15
0 1 150
0 1 151
0 1 153
0 1 154
0 1 155
0 1 157
0 1 158
0 1 159
0 1 161
0 1 162
0 1 163
0 1 165
0 1 166
0 1 167
0 1 169
0 1 17
0 1 170
0 1 171
0 1 173
0 1 174
0 1 175
0 1 177
0 1 178
0 1 179
0 1 18
0 1 181
0 1 182
0 1 183
0 1 185
0 1 186
0 1 187
0 1 189
0 1 19
0 1 190
0 1 191
0 1 193
0 1 194
0 1 195
0 1 197
0 1 198
0 1 199
0 1 2
0 1 201
0 1 202
0 1 203
0 1 205
0 1 206
0 1 207
0 1 209
0 1 21
0 1 210
0 1 211
0 1 213
0 1 214
0 1 215
0 1 217
0 1 218
0 1 219
0 1 22
0 1 221
0 1 222
0 1 223
0 1 225
0 1 226
0 1 227
0 1 229
0 1 23
0 1 230
0 1 231
0 1 233
0 1 234
0 1 235
0 1 237
0 1 238
0 1 239
0 1 241
0 1 242
0 1 243
0 1 245
0 1 246
0 1 247
0 1 249
0 1 25
0 1 250
0 1 251
0 1 253
0 1 254
0 1 255
0 1 257
0 1 258
0 1 259
0 1 26
0 1 261
0 1 262
0 1 263
0 1 265
0 1 266
0 1 267
0 1 269
0 1 27
0 1 270
0 1 271
0 1 273
0 1 274
0 1 275
0 1 277
0 1 278
0 1 279
0 1 281
0 1 282
0 1 283
0 1 285
0 1 286
0 1 287
0 1 289
0 1 29
0 1 290
0 1 291
0 1 293
0 1 294
0 1 295
0 1 297
0 1 298
0 1 299
0 1 3
0 1 30
0 1 301
0 1 302
0 1 303
0 1 305
0 1 306
0 1 307
0 1 309
0 1 31
0 1 310
0 1 311
0 1 313
0 1 314
0 1 315
0 1 317
0 1 318
0 1 319
0 1 321
0 1 322
0 1 323
0 1 325
0 1 326
0 1 327
0 1 329
0 1 33
0 1 330
0 1 331
0 1 333
0 1 334
0 1 335
0 1 337
0 1 338
0 1 339
0 1 34
0 1 341
0 1 342
0 1 343
0 1 345
0 1 346
0 1 347
0 1 349
0 1 35
0 1 350
0 1 351
0 1 353
0 1 354
0 1 355
0 1 357
0 1 358
0 1 359
0 1 361
0 1 362
0 1 363
0 1 365
0 1 366
0 1 367
0 1 369
0 1 37
0 1 370
0 1 371
0 1 373
0 1 374
0 1 375
0 1 377
0 1 378
0 1 379
0 1 38
0 1 381
0 1 382
0 1 383
0 1 385
0 1 386
0 1 387
0 1 389
0 1 39
0 1 390
0 1 391
0 1 393
0 1 394
0 1 395
0 1 41
0 1 42
0 1 43
0 1 45
0 1 46
0 1 47
0 1 49
0 1 5
0 1 50
0 1 51
0 1 53
0 1 54
0 1 55
0 1 57
0 1 58
0 1 59
0 1 6
0 1 61
0 1 62
0 1 63
0 1 65
0 1 66
0 1 67
0 1 69
0 1 7
0 1 70
0 1 71
0 1 73
0 1 74
0 1 75
0 1 77
0 1 78
0 1 79
0 1 81
0 1 82
0 1 83
0 1 85
0 1 86
0 1 87
0 1 89
0 1 9
0 1 90
0 1 91
0 1 93
0 1 94
0 1 95
0 1 97
0 1 98
0 1 99
0 10 0
0 10 1
0 10 11
0 10 12
0 10 13
0 10 15
0 10 16
0 10 17
0 10 19
0 10 21
0 10 23
0 10 25
0 10 27
0 10 3
0 10 31
0 10 33
0 10 35
0 10 39
0 10 4
0 10 41
0 10 43
0 10 44
0 10 45
0 10 47
0 10 48
0 10 49
0 10 5
0 10 51
0 10 53
0 10 59
0 10 61
0 10 7
0 10 71
0 10 73
0 10 79
0 10 8
0 10 81
0 10 83
0 10 85
0 10 9
0 10 91
0 11 0
0 11 1
0 11 10
0 11 12
0 11 13
0 11 14
0 11 16
0 11 17
0 11 2
0 11 21
0 11 25
0 11 33
0 11 4
0 11 41
0 11 44
0 11 45
0 11 46
0 11 48
0 11 49
0 11 5
0 11 50
0 11 53
0 11 6
0 11 61
0 11 73
0 11 8
0 11 81
0 11 85
0 11 9
0 12 0
0 12 10
0 12 12
0 12 14
0 12 16
0 12 2
0 12 3
0 12 4
0 12 44
0 12 46
0 12 47
0 12 48
0 12 6
0 12 7
0 12 8
0 13 1
0 13 10
0 13 11
0 13 14
0 13 2
0 13 3
0 13 46
0 13 47
0 13 5
0 13 6
0 13 7
0 13 9
0 14 0
0 14 1
0 14 3
0 14 4
0 14 47
0 14 5
0 14 7
0 14 8
0 14 9
0 15 0
0 15 1
0 15 10
0 15 2
0 15 4
0 15 5
0 15 6
0 15 8
0 15 9
0 16 0
0 16 2
0 16 3
0 16 4
0 16 6
0 16 7
0 16 8
0 17 1
0 17 2
0 17 3
0 17 5
0 17 6
0 17 7
0 18 0
0 18 1
0 18 3
0 18 5
0 18 7
0 19 0
0 19 1
0 19 5
0 2 0
0 2 1
0 2 100
0 2 101
0 2 103
0 2 104
0 2 105
0 2 107
0 2 108
0 2 109
0 2 11
0 2 111
0 2 112
0 2 113
0 2 115
0 2 116
0 2 117
0 2 119
0 2 12
0 2 120
0 2 121
0 2 123
0 2 124
0 2 125
0 2 127
0 2 128
0 2 129
0 2 13
0 2 131
0 2 132
0 2 133
0 2 135
0 2 136
0 2 137
0 2 139
0 2 140
0 2 141
0 2 143
0 2 144
0 2 145
0 2 147
0 2 148
0 2 149
0 2 15
0 2 151
0 2 152
0 2 153
0 2 155
0 2 156
0 2 157
0 2 159
0 2 16
0 2 160
0 2 161
0 2 163
0 2 164
0 2 165
0 2 167
0 2 168
0 2 169
0 2 17
0 2 171
0 2 172
0 2 173
0 2 175
0 2 176
0 2 177
0 2 179
0 2 180
0 2 181
0 2 183
0 2 184
0 2 185
0 2 187
0 2 188
0 2 189
0 2 19
0 2 191
0 2 192
0 2 193
0 2 195
0 2 196
0 2 197
0 2 199
0 2 20
0 2 200
0 2 201
0 2 203
0 2 204
0 2 205
0 2 207
0 2 208
0 2 209
0 2 21
0 2 211
0 2 212
0 2 213
0 2 215
0 2 216
0 2 217
0 2 219
0 2 220
0 2 221
0 2 223
0 2 224
0 2 225
0 2 227
0 2 228
0 2 229
0 2 23
0 2 231
0 2 232
0 2 233
0 2 235
0 2 236
0 2 237
0 2 239
0 2 24
0 2 240
0 2 241
0 2 243
0 2 244
0 2 245
0 2 247
0 2 248
0 2 249
0 2 25
0 2 251
0 2 252
0 2 253
0 2 255
0 2 256
0 2 257
0 2 259
0 2 260
0 2 261
0 2 263
0 2 264
0 2 265
0 2 267
0 2 268
0 2 269
0 2 27
0 2 271
0 2 272
0 2 273
0 2 275
0 2 276
0 2 277
0 2 279
0 2 28
0 2 280
0 2 281
0 2 283
0 2 284
0 2 285
0 2 287
0 2 288
0 2 289
0 2 29
0 2 291
0 2 292
0 2 293
0 2 295
0 2 296
0 2 297
0 2 299
0 2 3
0 2 300
0 2 301
0 2 303
0 2 304
0 2 305
0 2 307
0 2 308
0 2 309
0 2 31
0 2 311
0 2 312
0 2 313
0 2 315
0 2 316
0 2 317
0 2 319
0 2 32
0 2 320
0 2 321
0 2 323
0 2 324
0 2 325
0 2 327
0 2 328
0 2 329
0 2 33
0 2 331
0 2 332
0 2 333
0 2 335
0 2 336
0 2 337
0 2 339
0 2 340
0 2 341
0 2 343
0 2 344
0 2 345
0 2 347
0 2 348
0 2 349
0 2 35
0 2 351
0 2 352
0 2 353
0 2 355
0 2 356
0 2 357
0 2 359
0 2 36
0 2 360
0 2 361
0 2 363
0 2 364
0 2 365
0 2 367
0 2 368
0 2 369
0 2 37
0 2 371
0 2 372
0 2 373
0 2 375
0 2 376
0 2 377
0 2 379
0 2 380
0 2 381
0 2 383
0 2 384
0 2 385
0 2 387
0 2 388
0 2 389
0 2 39
0 2 391
0 2 392
0 2 393
0 2 4
0 2 40
0 2 41
0 2 43
0 2 44
0 2 45
0 2 47
0 2 48
0 2 49
0 2 5
0 2 51
0 2 52
0 2 53
0 2 55
0 2 56
0 2 57
0 2 59
0 2 60
0 2 61
0 2 63
0 2 64
0 2 65
0 2 67
0 2 68
0 2 69
0 2 7
0 2 71
0 2 72
0 2 73
0 2 75
0 2 76
0 2 77
0 2 79
0 2 8
0 2 80
0 2 81
0 2 83
0 2 84
0 2 85
0 2 87
0 2 88
0 2 89
0 2 9
0 2 91
0 2 92
0 2 93
0 2 95
0 2 96
0 2 97
0 2 99
0 20 0
0 3 0
0 3 1
0 3 10
0 3 100
0 3 101
0 3 102
0 3 104
0 3 105
0 3 106
0 3 108
0 3 109
0 3 110
0 3 112
0 3 113
0 3 114
0 3 116
0 3 117
0 3 118
0 3 12
0 3 120
0 3 121
0 3 122
0 3 124
0 3 125
0 3 126
0 3 128
0 3 129
0 3 13
0 3 130
0 3 132
0 3 133
0 3 134
0 3 136
0 3 137
0 3 138
0 3 14
0 3 140
0 3 141
0 3 142
0 3 144
0 3 145
0 3 146
0 3 148
0 3 149
0 3 150
0 3 152
0 3 153
0 3 154
0 3 156
0 3 157
0 3 158
0 3 16
0 3 160
0 3 161
0 3 162
0 3 164
0 3 165
0 3 166
0 3 168
0 3 169
0 3 17
0 3 170
0 3 172
0 3 173
0 3 174
0 3 176
0 3 177
0 3 178
0 3 18
0 3 180
0 3 181
0 3 182
0 3 184
0 3 185
0 3 186
0 3 188
0 3 189
0 3 190
0 3 192
0 3 193
0 3 194
0 3 196
0 3 197
0 3 198
0 3 2
0 3 20
0 3 200
0 3 201
0 3 202
0 3 204
0 3 205
0 3 206
0 3 208
0 3 209
0 3 21
0 3 210
0 3 212
0 3 213
0 3 214
0 3 216
0 3 217
0 3 218
0 3 22
0 3 220
0 3 221
0 3 222
0 3 224
0 3 225
0 3 226
0 3 228
0 3 229
0 3 230
0 3 232
0 3 233
0 3 234
0 3 236
0 3 237
0 3 238
0 3 24
0 3 240
0 3 241
0 3 242
0 3 244
0 3 245
0 3 246
0 3 248
0 3 249
0 3 25
0 3 250
0 3 252
0 3 253
0 3 254
0 3 256
0 3 257
0 3 258
0 3 26
0 3 260
0 3 261
0 3 262
0 3 264
0 3 265
0 3 266
0 3 268
0 3 269
0 3 270
0 3 272
0 3 273
0 3 274
0 3 276
0 3 277
0 3 278
0 3 28
0 3 280
0 3 281
0 3 282
0 3 284
0 3 285
0 3 286
0 3 288
0 3 289
0 3 29
0 3 290
0 3 292
0 3 293
0 3 294
0 3 296
0 3 297
0 3 298
0 3 30
0 3 300
0 3 301
0 3 302
0 3 304
0 3 305
0 3 306
0 3 308
0 3 309
0 3 310
0 3 312
0 3 313
0 3 314
0 3 316
0 3 317
0 3 318
0 3 32
0 3 320
0 3 321
0 3 322
0 3 324
0 3 325
0 3 326
0 3 328
0 3 329
0 3 33
0 3 330
0 3 332
0 3 333
0 3 334
0 3 336
0 3 337
0 3 338
0 3 34
0 3 340
0 3 341
0 3 342
0 3 344
0 3 345
0 3 346
0 3 348
0 3 349
0 3 350
0 3 352
0 3 353
0 3 354
0 3 356
0 3 357
0 3 358
0 3 36
0 3 360
0 3 361
0 3 362
0 3 364
0 3 365
0 3 366
0 3 368
0 3 369
0 3 37
0 3 370
0 3 372
0 3 373
0 3 374
0 3 376
0 3 377
0 3 378
0 3 38
0 3 380
0 3 381
0 3 382
0 3 384
0 3 385
0 3 386
0 3 388
0 3 389
0 3 390
0 3 392
0 3 393
0 3 4
0 3 40
0 3 41
0 3 42
0 3 44
0 3 45
0 3 46
0 3 48
0 3 49
0 3 5
0 3 50
0 3 52
0 3 53
0 3 54
0 3 56
0 3 57
0 3 58
0 3 6
0 3 60
0 3 61
0 3 62
0 3 64
0 3 65
0 3 66
0 3 68
0 3 69
0 3 70
0 3 72
0 3 73
0 3 74
0 3 76
0 3 77
0 3 78
0 3 8
0 3 80
0 3 81
0 3 82
0 3 84
0 3 85
0 3 86
0 3 88
0 3 89
0 3 9
0 3 90
0 3 92
0 3 93
0 3 94
0 3 96
0 3 97
0 3 98
0 4 0
0 4 10
0 4 100
0 4 102
0 4 103
0 4 104
0 4 106
0 4 107
0 4 108
0 4 11
0 4 110
0 4 111
0 4 112
0 4 114
0 4 115
0 4 116
0 4 118
0 4 119
0 4 12
0 4 120
0 4 122
0 4 123
0 4 124
0 4 126
0 4 127
0 4 128
0 4 130
0 4 131
0 4 132
0 4 134
0 4 135
0 4 136
0 4 138
0 4 139
0 4 14
0 4 140
0 4 142
0 4 143
0 4 144
0 4 146
0 4 148
0 4 15
0 4 150
0 4 151
0 4 152
0 4 154
0 4 155
0 4 156
0 4 158
0 4 159
0 4 16
0 4 160
0 4 162
0 4 163
0 4 164
0 4 166
0 4 167
0 4 168
0 4 170
0 4 172
0 4 174
0 4 175
0 4 176
0 4 178
0 4 179
0 4 18
0 4 180
0 4 182
0 4 183
0 4 184
0 4 186
0 4 188
0 4 19
0 4 190
0 4 191
0 4 192
0 4 194
0 4 195
0 4 196
0 4 198
0 4 199
0 4 2
0 4 20
0 4 200
0 4 202
0 4 203
0 4 204
0 4 206
0 4 207
0 4 208
0 4 210
0 4 211
0 4 212
0 4 214
0 4 215
0 4 216
0 4 218
0 4 22
0 4 220
0 4 222
0 4 224
0 4 226
0 4 228
0 4 23
0 4 230
0 4 232
0 4 234
0 4 235
0 4 236
0 4 238
0 4 239
0 4 24
0 4 240
0 4 242
0 4 243
0 4 244
0 4 246
0 4 248
0 4 250
0 4 251
0 4 252
0 4 254
0 4 255
0 4 256
0 4 258
0 4 259
0 4 26
0 4 260
0 4 262
0 4 264
0 4 266
0 4 268
0 4 27
0 4 270
0 4 272
0 4 274
0 4 276
0 4 278
0 4 28
0 4 280
0 4 282
0 4 284
0 4 286
0 4 288
0 4 290
0 4 292
0 4 294
0 4 295
0 4 296
0 4 298
0 4 299
0 4 3
0 4 30
0 4 300
0 4 302
0 4 304
0 4 306
0 4 307
0 4 308
0 4 31
0 4 310
0 4 311
0 4 312
0 4 314
0 4 316
0 4 318
0 4 32
0 4 320
0 4 322
0 4 324
0 4 326
0 4 328
0 4 330
0 4 332
0 4 334
0 4 336
0 4 338
0 4 339
0 4 34
0 4 340
0 4 342
0 4 344
0 4 346
0 4 348
0 4 35
0 4 350
0 4 352
0 4 354
0 4 356
0 4 358
0 4 36
0 4 360
0 4 362
0 4 364
0 4 366
0 4 368
0 4 370
0 4 372
0 4 374
0 4 376
0 4 378
0 4 379
0 4 38
0 4 380
0 4 382
0 4 384
0 4 386
0 4 388
0 4 39
0 4 390
0 4 392
0 4 4
0 4 40
0 4 42
0 4 43
0 4 44
0 4 46
0 4 47
0 4 48
0 4 50
0 4 51
0 4 52
0 4 54
0 4 55
0 4 56
0 4 58
0 4 59
0 4 6
0 4 60
0 4 62
0 4 63
0 4 64
0 4 66
0 4 67
0 4 68
0 4 7
0 4 70
0 4 71
0 4 72
0 4 74
0 4 75
0 4 76
0 4 78
0 4 79
0 4 8
0 4 80
0 4 82
0 4 83
0 4 84
0 4 86
0 4 87
0 4 88
0 4 90
0 4 91
0 4 92
0 4 94
0 4 95
0 4 96
0 4 98
0 4 99
0 5 1
0 5 10
0 5 101
0 5 102
0 5 103
0 5 105
0 5 106
0 5 107
0 5 11
0 5 110
0 5 111
0 5 114
0 5 115
0 5 118
0 5 119
0 5 121
0 5 122
0 5 123
0 5 125
0 5 126
0 5 127
0 5 129
0 5 13
0 5 130
0 5 131
0 5 134
0 5 135
0 5 137
0 5 138
0 5 14
0 5 141
0 5 142
0 5 146
0 5 15
0 5 150
0 5 151
0 5 154
0 5 155
0 5 158
0 5 159
0 5 161
0 5 162
0 5 163
0 5 165
0 5 166
0 5 167
0 5 17
0 5 170
0 5 174
0 5 175
0 5 178
0 5 179
0 5 18
0 5 181
0 5 182
0 5 183
0 5 186
0 5 19
0 5 190
0 5 191
0 5 194
0 5 195
0 5 197
0 5 198
0 5 2
0 5 202
0 5 203
0 5 206
0 5 207
0 5 21
0 5 210
0 5 211
0 5 213
0 5 214
0 5 215
0 5 218
0 5 22
0 5 222
0 5 226
0 5 23
0 5 230
0 5 234
0 5 235
0 5 238
0 5 239
0 5 242
0 5 243
0 5 246
0 5 25
0 5 250
0 5 251
0 5 253
0 5 254
0 5 255
0 5 257
0 5 258
0 5 259
0 5 26
0 5 262
0 5 266
0 5 27
0 5 270
0 5 274
0 5 278
0 5 282
0 5 286
0 5 29
0 5 290
0 5 294
0 5 295
0 5 297
0 5 298
0 5 3
0 5 30
0 5 302
0 5 306
0 5 307
0 5 31
0 5 310
0 5 311
0 5 314
0 5 318
0 5 322
0 5 326
0 5 33
0 5 330
0 5 334
0 5 338
0 5 339
0 5 34
0 5 342
0 5 346
0 5 35
0 5 350
0 5 354
0 5 358
0 5 362
0 5 366
0 5 37
0 5 370
0 5 374
0 5 378
0 5 379
0 5 38
0 5 382
0 5 386
0 5 39
0 5 390
0 5 41
0 5 42
0 5 43
0 5 45
0 5 46
0 5 47
0 5 49
0 5 5
0 5 50
0 5 51
0 5 53
0 5 54
0 5 55
0 5 57
0 5 58
0 5 59
0 5 6
0 5 61
0 5 62
0 5 63
0 5 65
0 5 66
0 5 67
0 5 69
0 5 7
0 5 70
0 5 71
0 5 73
0 5 74
0 5 75
0 5 77
0 5 78
0 5 79
0 5 81
0 5 82
0 5 83
0 5 85
0 5 86
0 5 87
0 5 89
0 5 9
0 5 90
0 5 91
0 5 93
0 5 94
0 5 95
0 5 97
0 5 98
0 5 99
0 6 0
0 6 1
0 6 100
0 6 101
0 6 103
0 6 105
0 6 107
0 6 11
0 6 111
0 6 115
0 6 119
0 6 12
0 6 121
0 6 123
0 6 124
0 6 125
0 6 127
0 6 128
0 6 129
0 6 13
0 6 131
0 6 132
0 6 133
0 6 135
0 6 137
0 6 141
0 6 15
0 6 151
0 6 155
0 6 159
0 6 16
0 6 161
0 6 163
0 6 165
0 6 167
0 6 17
0 6 175
0 6 179
0 6 181
0 6 183
0 6 19
0 6 191
0 6 195
0 6 197
0 6 20
0 6 203
0 6 207
0 6 21
0 6 211
0 6 213
0 6 215
0 6 23
0 6 235
0 6 239
0 6 24
0 6 243
0 6 25
0 6 251
0 6 253
0 6 255
0 6 256
0 6 257
0 6 27
0 6 28
0 6 29
0 6 295
0 6 297
0 6 3
0 6 307
0 6 31
0 6 311
0 6 32
0 6 33
0 6 339
0 6 35
0 6 36
0 6 37
0 6 379
0 6 39
0 6 4
0 6 40
0 6 41
0 6 43
0 6 44
0 6 45
0 6 47
0 6 48
0 6 49
0 6 5
0 6 51
0 6 52
0 6 53
0 6 55
0 6 56
0 6 57
0 6 59
0 6 60
0 6 61
0 6 63
0 6 64
0 6 65
0 6 67
0 6 68
0 6 69
0 6 7
0 6 71
0 6 72
0 6 73
0 6 75
0 6 76
0 6 77
0 6 79
0 6 8
0 6 80
0 6 81
0 6 83
0 6 84
0 6 85
0 6 87
0 6 88
0 6 89
0 6 9
0 6 91
0 6 92
0 6 93
0 6 95
0 6 96
0 6 97
0 6 99
0 7 0
0 7 1
0 7 10
0 7 100
0 7 101
0 7 105
0 7 12
0 7 121
0 7 124
0 7 125
0 7 128
0 7 129
0 7 13
0 7 130
0 7 137
0 7 14
0 7 141
0 7 16
0 7 161
0 7 165
0 7 17
0 7 18
0 7 181
0 7 197
0 7 2
0 7 20
0 7 21
0 7 213
0 7 22
0 7 24
0 7 25
0 7 253
0 7 256
0 7 257
0 7 26
0 7 28
0 7 29
0 7 297
0 7 30
0 7 32
0 7 33
0 7 34
0 7 36
0 7 37
0 7 38
0 7 4
0 7 40
0 7 41
0 7 42
0 7 44
0 7 45
0 7 46
0 7 48
0 7 49
0 7 5
0 7 50
0 7 52
0 7 53
0 7 54
0 7 56
0 7 57
0 7 58
0 7 6
0 7 60
0 7 61
0 7 62
0 7 64
0 7 65
0 7 66
0 7 68
0 7 69
0 7 70
0 7 72
0 7 73
0 7 74
0 7 76
0 7 77
0 7 78
0 7 8
0 7 80
0 7 81
0 7 82
0 7 84
0 7 85
0 7 86
0 7 88
0 7 89
0 7 9
0 7 90
0 7 92
0 7 93
0 7 94
0 7 96
0 7 97
0 8 0
0 8 10
0 8 100
0 8 11
0 8 12
0 8 124
0 8 128
0 8 130
0 8 14
0 8 15
0 8 16
0 8 18
0 8 19
0 8 2
0 8 20
0 8 22
0 8 23
0 8 24
0 8 256
0 8 26
0 8 27
0 8 28
0 8 3
0 8 30
0 8 31
0 8 32
0 8 34
0 8 35
0 8 36
0 8 38
0 8 39
0 8 4
0 8 40
0 8 42
0 8 43
0 8 44
0 8 46
0 8 47
0 8 48
0 8 50
0 8 51
0 8 52
0 8 54
0 8 55
0 8 56
0 8 58
0 8 59
0 8 6
0 8 60
0 8 62
0 8 63
0 8 64
0 8 66
0 8 68
0 8 7
0 8 70
0 8 71
0 8 72
0 8 74
0 8 75
0 8 76
0 8 78
0 8 79
0 8 8
0 8 80
0 8 82
0 8 83
0 8 84
0 8 86
0 8 87
0 8 88
0 8 90
0 8 91
0 8 92
0 8 94
0 8 96
0 9 1
0 9 10
0 9 11
0 9 13
0 9 130
0 9 14
0 9 15
0 9 17
0 9 18
0 9 19
0 9 2
0 9 21
0 9 22
0 9 23
0 9 25
0 9 26
0 9 27
0 9 3
0 9 30
0 9 31
0 9 33
0 9 34
0 9 35
0 9 38
0 9 39
0 9 41
0 9 42
0 9 43
0 9 45
0 9 46
0 9 47
0 9 49
0 9 5
0 9 50
0 9 51
0 9 53
0 9 54
0 9 58
0 9 59
0 9 6
0 9 61
0 9 66
0 9 7
0 9 70
0 9 71
0 9 73
0 9 74
0 9 78
0 9 79
0 9 81
0 9 82
0 9 83
0 9 85
0 9 9
0 9 90
0 9 91
0 9 94
1 0 1
1 0 10
1 0 101
1 0 102
1 0 103
1 0 105
1 0 106
1 0 107
1 0 109
1 0 11
1 0 110
1 0 111
1 0 113
1 0 114
1 0 115
1 0 117
1 0 118
1 0 119
1 0 121
1 0 122
1 0 123
1 0 125
1 0 126
1 0 127
1 0 129
1 0 13
1 0 130
1 0 131
1 0 133
1 0 134
1 0 135
1 0 137
1 0 138
1 0 139
1 0 14
1 0 141
1 0 142
1 0 143
1 0 145
1 0 146
1 0 147
1 0 149
1 0 15
1 0 150
1 0 151
1 0 153
1 0 154
1 0 155
1 0 157
1 0 158
1 0 159
1 0 161
1 0 162
1 0 163
1 0 165
1 0 166
1 0 167
1 0 169
1 0 17
1 0 170
1 0 171
1 0 173
1 0 174
1 0 175
1 0 177
1 0 178
1 0 179
1 0 18
1 0 181
1 0 182
1 0 183
1 0 185
1 0 186
1 0 187
1 0 189
1 0 19
1 0 190
1 0 191
1 0 193
1 0 194
1 0 195
1 0 197
1 0 198
1 0 199
1 0 2
1 0 201
1 0 202
1 0 203
1 0 205
1 0 206
1 0 207
1 0 209
1 0 21
1 0 210
1 0 211
1 0 213
1 0 214
1 0 215
1 0 217
1 0 218
1 0 219
1 0 22
1 0 221
1 0 222
1 0 223
1 0 225
1 0 226
1 0 227
1 0 229
1 0 23
1 0 230
1 0 231
1 0 233
1 0 234
1 0 235
1 0 237
1 0 238
1 0 239
1 0 241
1 0 242
1 0 243
1 0 245
1 0 246
1 0 247
1 0 249
1 0 25
1 0 250
1 0 251
1 0 253
1 0 254
1 0 255
1 0 257
1 0 258
1 0 259
1 0 26
1 0 261
1 0 262
1 0 263
1 0 265
1 0 266
1 0 267
1 0 269
1 0 27
1 0 270
1 0 271
1 0 273
1 0 274
1 0 275
1 0 277
1 0 278
1 0 279
1 0 281
1 0 282
1 0 283
1 0 285
1 0 286
1 0 287
1 0 289
1 0 29
1 0 290
1 0 291
1 0 293
1 0 294
1 0 295
1 0 297
1 0 298
1 0 299
1 0 3
1 0 30
1 0 301
1 0 302
1 0 303
1 0 305
1 0 306
1 0 307
1 0 309
1 0 31
1 0 310
1 0 311
1 0 313
1 0 314
1 0 315
1 0 317
1 0 318
1 0 319
1 0 321
1 0 322
1 0 323
1 0 325
1 0 326
1 0 327
1 0 329
1 0 33
1 0 330
1 0 331
1 0 333
1 0 334
1 0 335
1 0 337
1 0 338
1 0 339
1 0 34
1 0 341
1 0 342
1 0 343
1 0 345
1 0 346
1 0 347
1 0 349
1 0 35
1 0 350
1 0 351
1 0 353
1 0 354
1 0 355
1 0 357
1 0 358
1 0 359
1 0 361
1 0 362
1 0 363
1 0 365
1 0 366
1 0 367
1 0 369
1 0 37
1 0 370
1 0 371
1 0 373
1 0 374
1 0 375
1 0 377
1 0 378
1 0 379
1 0 38
1 0 381
1 0 382
1 0 383
1 0 385
1 0 386
1 0 387
1 0 389
1 0 39
1 0 390
1 0 391
1 0 393
1 0 394
1 0 395
1 0 41
1 0 42
1 0 43
1 0 45
1 0 46
1 0 47
1 0 49
1 0 5
1 0 50
1 0 51
1 0 53
1 0 54
1 0 55
1 0 57
1 0 58
1 0 59
1 0 6
1 0 61
1 0 62
1 0 63
1 0 65
1 0 66
1 0 67
1 0 69
1 0 7
1 0 70
1 0 71
1 0 73
1 0 74
1 0 75
1 0 77
1 0 78
1 0 79
1 0 81
1 0 82
1 0 83
1 0 85
1 0 86
1 0 87
1 0 89
1 0 9
1 0 90
1 0 91
1 0 93
1 0 94
1 0 95
1 0 97
1 0 98
1 0 99
1 1 0
1 1 10
1 1 100
1 1 102
1 1 103
1 1 104
1 1 106
1 1 107
1 1 108
1 1 11
1 1 110
1 1 111
1 1 112
1 1 114
1 1 115
1 1 116
1 1 118
1 1 119
1 1 12
1 1 120
1 1 122
1 1 123
1 1 124
1 1 126
1 1 127
1 1 128
1 1 130
1 1 131
1 1 132
1 1 134
1 1 135
1 1 136
1 1 138
1 1 139
1 1 14
1 1 140
1 1 142
1 1 143
1 1 144
1 1 146
1 1 147
1 1 148
1 1 15
1 1 150
1 1 151
1 1 152
1 1 154
1 1 155
1 1 156
1 1 158
1 1 159
1 1 16
1 1 160
1 1 162
1 1 163
1 1 164
1 1 166
1 1 167
1 1 168
1 1 170
1 1 171
1 1 172
1 1 174
1 1 175
1 1 176
1 1 178
1 1 179
1 1 18
1 1 180
1 1 182
1 1 183
1 1 184
1 1 186
1 1 187
1 1 188
1 1 19
1 1 190
1 1 191
1 1 192
1 1 194
1 1 195
1 1 196
1 1 198
1 1 199
1 1 2
1 1 20
1 1 200
1 1 202
1 1 203
1 1 204
1 1 206
1 1 207
1 1 208
1 1 210
1 1 211
1 1 212
1 1 214
1 1 215
1 1 216
1 1 218
1 1 219
1 1 22
1 1 220
1 1 222
1 1 223
1 1 224
1 1 226
1 1 227
1 1 228
1 1 23
1 1 230
1 1 231
1 1 232
1 1 234
1 1 235
1 1 236
1 1 238
1 1 239
1 1 24
1 1 240
1 1 242
1 1 243
1 1 244
1 1 246
1 1 247
1 1 248
1 1 250
1 1 251
1 1 252
1 1 254
1 1 255
1 1 256
1 1 258
1 1 259
1 1 26
1 1 260
1 1 262
1 1 263
1 1 264
1 1 266
1 1 267
1 1 268
1 1 27
1 1 270
1 1 271
1 1 272
1 1 274
1 1 275
1 1 276
1 1 278
1 1 279
1 1 28
1 1 280
1 1 282
1 1 283
1 1 284
1 1 286
1 1 287
1 1 288
1 1 290
1 1 291
1 1 292
1 1 294
1 1 295
1 1 296
1 1 298
1 1 299
1 1 3
1 1 30
1 1 300
1 1 302
1 1 303
1 1 304
1 1 306
1 1 307
1 1 308
1 1 31
1 1 310
1 1 311
1 1 312
1 1 314
1 1 315
1 1 316
1 1 318
1 1 319
1 1 32
1 1 320
1 1 322
1 1 323
1 1 324
1 1 326
1 1 327
1 1 328
1 1 330
1 1 331
1 1 332
1 1 334
1 1 335
1 1 336
1 1 338
1 1 339
1 1 34
1 1 340
1 1 342
1 1 343
1 1 344
1 1 346
1 1 347
1 1 348
1 1 35
1 1 350
1 1 351
1 1 352
1 1 354
1 1 355
1 1 356
1 1 358
1 1 359
1 1 36
1 1 360
1 1 362
1 1 363
1 1 364
1 1 366
1 1 367
1 1 368
1 1 370
1 1 371
1 1 372
1 1 374
1 1 375
1 1 376
1 1 378
1 1 379
1 1 38
1 1 380
1 1 382
1 1 383
1 1 384
1 1 386
1 1 387
1 1 388
1 1 39
1 1 390
1 1 391
1 1 392
1 1 4
1 1 40
1 1 42
1 1 43
1 1 44
1 1 46
1 1 47
1 1 48
1 1 50
1 1 51
1 1 52
1 1 54
1 1 55
1 1 56
1 1 58
1 1 59
1 1 6
1 1 60
1 1 62
1 1 63
1 1 64
1 1 66
1 1 67
1 1 68
1 1 7
1 1 70
1 1 71
1 1 72
1 1 74
1 1 75
1 1 76
1 1 78
1 1 79
1 1 8
1 1 80
1 1 82
1 1 83
1 1 84
1 1 86
1 1 87
1 1 88
1 1 90
1 1 91
1 1 92
1 1 94
1 1 95
1 1 96
1 1 98
1 1 99
1 10 0
1 10 1
1 10 10
1 10 12
1 10 13
1 10 14
1 10 16
1 10 17
1 10 18
1 10 2
1 10 20
1 10 22
1 10 26
1 10 30
1 10 34
1 10 38
1 10 4
1 10 46
1 10 5
1 10 6
1 10 8
1 10 9
1 11 0
1 11 1
1 11 11
1 11 12
1 11 13
1 11 16
1 11 17
1 11 20
1 11 3
1 11 4
1 11 47
1 11 5
1 11 7
1 11 8
1 11 9
1 12 1
1 12 10
1 12 11
1 12 13
1 12 14
1 12 15
1 12 17
1 12 2
1 12 3
1 12 5
1 12 6
1 12 7
1 12 9
1 13 0
1 13 10
1 13 11
1 13 12
1 13 2
1 13 3
1 13 4
1 13 7
1 13 8
1 14 0
1 14 1
1 14 10
1 14 12
1 14 2
1 14 4
1 14 5
1 14 6
1 15 0
1 15 1
1 15 12
1 15 3
1 15 4
1 15 5
1 15 7
1 16 1
1 16 2
1 16 3
1 16 5
1 16 6
1 16 7
1 17 0
1 17 2
1 17 3
1 17 4
1 18 0
1 18 1
1 18 2
1 18 4
1 19 0
1 19 1
1 19 4
1 2 0
1 2 1
1 2 10
1 2 100
1 2 101
1 2 102
1 2 104
1 2 105
1 2 106
1 2 108
1 2 109
1 2 110
1 2 112
1 2 113
1 2 114
1 2 116
1 2 117
1 2 118
1 2 12
1 2 120
1 2 121
1 2 122
1 2 124
1 2 125
1 2 126
1 2 128
1 2 129
1 2 13
1 2 130
1 2 132
1 2 133
1 2 134
1 2 136
1 2 137
1 2 138
1 2 14
1 2 140
1 2 141
1 2 142
1 2 144
1 2 145
1 2 146
1 2 148
1 2 149
1 2 150
1 2 152
1 2 153
1 2 154
1 2 156
1 2 157
1 2 158
1 2 16
1 2 160
1 2 161
1 2 162
1 2 164
1 2 165
1 2 166
1 2 168
1 2 169
1 2 17
1 2 170
1 2 172
1 2 173
1 2 174
1 2 176
1 2 177
1 2 178
1 2 18
1 2 180
1 2 181
1 2 182
1 2 184
1 2 185
1 2 186
1 2 188
1 2 189
1 2 190
1 2 192
1 2 193
1 2 194
1 2 196
1 2 197
1 2 198
1 2 2
1 2 20
1 2 200
1 2 201
1 2 202
1 2 204
1 2 205
1 2 206
1 2 208
1 2 209
1 2 21
1 2 210
1 2 212
1 2 213
1 2 214
1 2 216
1 2 217
1 2 218
1 2 22
1 2 220
1 2 221
1 2 222
1 2 224
1 2 225
1 2 226
1 2 228
1 2 229
1 2 230
1 2 232
1 2 233
1 2 234
1 2 236
1 2 237
1 2 238
1 2 24
1 2 240
1 2 241
1 2 242
1 2 244
1 2 245
1 2 246
1 2 248
1 2 249
1 2 25
1 2 250
1 2 252
1 2 253
1 2 254
1 2 256
1 2 257
1 2 258
1 2 26
1 2 260
1 2 261
1 2 262
1 2 264
1 2 265
1 2 266
1 2 268
1 2 269
1 2 270
1 2 272
1 2 273
1 2 274
1 2 276
1 2 277
1 2 278
1 2 28
1 2 280
1 2 281
1 2 282
1 2 284
1 2 285
1 2 286
1 2 288
1 2 289
1 2 29
1 2 290
1 2 292
1 2 293
1 2 294
1 2 296
1 2 297
1 2 298
1 2 30
1 2 300
1 2 301
1 2 302
1 2 304
1 2 305
1 2 306
1 2 308
1 2 309
1 2 310
1 2 312
1 2 313
1 2 314
1 2 316
1 2 317
1 2 318
1 2 32
1 2 320
1 2 321
1 2 322
1 2 324
1 2 325
1 2 326
1 2 328
1 2 329
1 2 33
1 2 330
1 2 332
1 2 333
1 2 334
1 2 336
1 2 337
1 2 338
1 2 34
1 2 340
1 2 341
1 2 342
1 2 344
1 2 345
1 2 346
1 2 348
1 2 349
1 2 350
1 2 352
1 2 353
1 2 354
1 2 356
1 2 357
1 2 358
1 2 36
1 2 360
1 2 361
1 2 362
1 2 364
1 2 365
1 2 366
1 2 368
1 2 369
1 2 37
1 2 370
1 2 372
1 2 373
1 2 374
1 2 376
1 2 377
1 2 378
1 2 38
1 2 380
1 2 381
1 2 382
1 2 384
1 2 385
1 2 386
1 2 388
1 2 389
1 2 390
1 2 392
1 2 4
1 2 40
1 2 41
1 2 42
1 2 44
1 2 45
1 2 46
1 2 48
1 2 49
1 2 5
1 2 50
1 2 52
1 2 53
1 2 54
1 2 56
1 2 57
1 2 58
1 2 6
1 2 60
1 2 61
1 2 62
1 2 64
1 2 65
1 2 66
1 2 68
1 2 69
1 2 70
1 2 72
1 2 73
1 2 74
1 2 76
1 2 77
1 2 78
1 2 8
1 2 80
1 2 81
1 2 82
1 2 84
1 2 85
1 2 86
1 2 88
1 2 89
1 2 9
1 2 90
1 2 92
1 2 93
1 2 94
1 2 96
1 2 97
1 2 98
1 20 1
1 20 2
1 20 3
1 21 0
1 22 0
1 23 0
1 3 0
1 3 1
1 3 100
1 3 101
1 3 103
1 3 104
1 3 105
1 3 107
1 3 108
1 3 109
1 3 11
1 3 111
1 3 112
1 3 113
1 3 115
1 3 116
1 3 117
1 3 119
1 3 12
1 3 120
1 3 121
1 3 123
1 3 124
1 3 125
1 3 127
1 3 128
1 3 129
1 3 13
1 3 131
1 3 132
1 3 133
1 3 135
1 3 136
1 3 137
1 3 140
1 3 141
1 3 144
1 3 145
1 3 147
1 3 148
1 3 149
1 3 15
1 3 151
1 3 152
1 3 153
1 3 155
1 3 156
1 3 157
1 3 159
1 3 16
1 3 160
1 3 161
1 3 163
1 3 164
1 3 165
1 3 167
1 3 168
1 3 169
1 3 17
1 3 171
1 3 172
1 3 173
1 3 175
1 3 176
1 3 177
1 3 179
1 3 180
1 3 181
1 3 183
1 3 184
1 3 185
1 3 187
1 3 188
1 3 189
1 3 19
1 3 191
1 3 192
1 3 193
1 3 195
1 3 196
1 3 197
1 3 199
1 3 20
1 3 200
1 3 201
1 3 203
1 3 204
1 3 205
1 3 207
1 3 208
1 3 209
1 3 21
1 3 211
1 3 212
1 3 213
1 3 215
1 3 216
1 3 217
1 3 219
1 3 220
1 3 221
1 3 223
1 3 224
1 3 225
1 3 227
1 3 228
1 3 229
1 3 23
1 3 231
1 3 232
1 3 233
1 3 235
1 3 236
1 3 237
1 3 239
1 3 24
1 3 240
1 3 241
1 3 243
1 3 244
1 3 245
1 3 247
1 3 248
1 3 249
1 3 25
1 3 251
1 3 252
1 3 253
1 3 255
1 3 256
1 3 257
1 3 260
1 3 261
1 3 264
1 3 265
1 3 268
1 3 269
1 3 27
1 3 272
1 3 273
1 3 276
1 3 277
1 3 28
1 3 280
1 3 281
1 3 284
1 3 285
1 3 288
1 3 289
1 3 29
1 3 292
1 3 293
1 3 295
1 3 296
1 3 297
1 3 299
1 3 3
1 3 300
1 3 301
1 3 304
1 3 305
1 3 307
1 3 308
1 3 309
1 3 31
1 3 311
1 3 312
1 3 313
1 3 316
1 3 317
1 3 32
1 3 320
1 3 321
1 3 323
1 3 324
1 3 325
1 3 328
1 3 329
1 3 33
1 3 331
1 3 332
1 3 333
1 3 335
1 3 336
1 3 337
1 3 339
1 3 340
1 3 341
1 3 343
1 3 344
1 3 345
1 3 347
1 3 348
1 3 349
1 3 35
1 3 352
1 3 353
1 3 356
1 3 357
1 3 36
1 3 360
1 3 361
1 3 363
1 3 364
1 3 365
1 3 368
1 3 369
1 3 37
1 3 371
1 3 372
1 3 373
1 3 376
1 3 377
1 3 379
1 3 380
1 3 381
1 3 383
1 3 384
1 3 385
1 3 388
1 3 389
1 3 39
1 3 392
1 3 4
1 3 40
1 3 41
1 3 43
1 3 44
1 3 45
1 3 47
1 3 48
1 3 49
1 3 5
1 3 51
1 3 52
1 3 53
1 3 55
1 3 56
1 3 57
1 3 59
1 3 60
1 3 61
1 3 63
1 3 64
1 3 65
1 3 67
1 3 68
1 3 69
1 3 7
1 3 71
1 3 72
1 3 73
1 3 75
1 3 76
1 3 77
1 3 79
1 3 8
1 3 80
1 3 81
1 3 83
1 3 84
1 3 85
1 3 87
1 3 88
1 3 89
1 3 9
1 3 91
1 3 92
1 3 93
1 3 95
1 3 96
1 3 97
1 3 99
1 4 1
1 4 10
1 4 101
1 4 102
1 4 103
1 4 105
1 4 107
1 4 109
1 4 11
1 4 111
1 4 113
1 4 114
1 4 115
1 4 117
1 4 118
1 4 119
1 4 121
1 4 123
1 4 125
1 4 126
1 4 127
1 4 129
1 4 13
1 4 130
1 4 131
1 4 133
1 4 134
1 4 135
1 4 137
1 4 138
1 4 139
1 4 14
1 4 141
1 4 142
1 4 143
1 4 145
1 4 146
1 4 147
1 4 149
1 4 15
1 4 151
1 4 153
1 4 154
1 4 157
1 4 161
1 4 163
1 4 165
1 4 166
1 4 167
1 4 169
1 4 17
1 4 170
1 4 171
1 4 173
1 4 174
1 4 175
1 4 177
1 4 179
1 4 18
1 4 181
1 4 182
1 4 183
1 4 185
1 4 186
1 4 187
1 4 189
1 4 19
1 4 190
1 4 191
1 4 193
1 4 194
1 4 195
1 4 197
1 4 198
1 4 199
1 4 2
1 4 201
1 4 202
1 4 203
1 4 205
1 4 206
1 4 207
1 4 209
1 4 21
1 4 210
1 4 211
1 4 213
1 4 214
1 4 215
1 4 217
1 4 218
1 4 219
1 4 22
1 4 221
1 4 223
1 4 225
1 4 227
1 4 229
1 4 23
1 4 231
1 4 233
1 4 235
1 4 237
1 4 238
1 4 241
1 4 245
1 4 246
1 4 249
1 4 25
1 4 253
1 4 255
1 4 257
1 4 26
1 4 261
1 4 265
1 4 269
1 4 27
1 4 273
1 4 277
1 4 281
1 4 285
1 4 289
1 4 29
1 4 293
1 4 297
1 4 299
1 4 3
1 4 30
1 4 301
1 4 305
1 4 309
1 4 31
1 4 313
1 4 317
1 4 321
1 4 323
1 4 325
1 4 329
1 4 33
1 4 331
1 4 333
1 4 335
1 4 337
1 4 34
1 4 341
1 4 343
1 4 345
1 4 347
1 4 349
1 4 35
1 4 353
1 4 357
1 4 361
1 4 363
1 4 365
1 4 369
1 4 37
1 4 371
1 4 373
1 4 377
1 4 38
1 4 381
1 4 383
1 4 385
1 4 389
1 4 39
1 4 41
1 4 42
1 4 43
1 4 45
1 4 46
1 4 47
1 4 49
1 4 5
1 4 50
1 4 51
1 4 53
1 4 54
1 4 55
1 4 57
1 4 58
1 4 59
1 4 6
1 4 61
1 4 62
1 4 63
1 4 65
1 4 66
1 4 67
1 4 69
1 4 7
1 4 70
1 4 71
1 4 73
1 4 74
1 4 75
1 4 77
1 4 78
1 4 79
1 4 81
1 4 82
1 4 83
1 4 85
1 4 86
1 4 87
1 4 89
1 4 9
1 4 90
1 4 91
1 4 93
1 4 94
1 4 95
1 4 97
1 4 98
1 4 99
1 5 0
1 5 10
1 5 100
1 5 102
1 5 107
1 5 11
1 5 111
1 5 114
1 5 115
1 5 118
1 5 119
1 5 12
1 5 123
1 5 124
1 5 126
1 5 127
1 5 128
1 5 131
1 5 132
1 5 136
1 5 14
1 5 140
1 5 144
1 5 147
1 5 15
1 5 151
1 5 154
1 5 16
1 5 163
1 5 166
1 5 167
1 5 170
1 5 171
1 5 172
1 5 179
1 5 18
1 5 182
1 5 183
1 5 184
1 5 186
1 5 188
1 5 19
1 5 191
1 5 194
1 5 195
1 5 196
1 5 198
1 5 199
1 5 2
1 5 20
1 5 200
1 5 204
1 5 208
1 5 210
1 5 211
1 5 212
1 5 215
1 5 216
1 5 219
1 5 22
1 5 223
1 5 227
1 5 23
1 5 231
1 5 235
1 5 238
1 5 24
1 5 246
1 5 255
1 5 256
1 5 26
1 5 27
1 5 28
1 5 299
1 5 3
1 5 30
1 5 31
1 5 32
1 5 323
1 5 331
1 5 335
1 5 34
1 5 343
1 5 347
1 5 35
1 5 36
1 5 363
1 5 371
1 5 38
1 5 383
1 5 39
1 5 4
1 5 40
1 5 42
1 5 43
1 5 44
1 5 46
1 5 47
1 5 48
1 5 50
1 5 51
1 5 52
1 5 54
1 5 56
1 5 58
1 5 59
1 5 6
1 5 60
1 5 62
1 5 63
1 5 64
1 5 66
1 5 67
1 5 68
1 5 7
1 5 70
1 5 71
1 5 72
1 5 74
1 5 75
1 5 76
1 5 78
1 5 79
1 5 8
1 5 80
1 5 82
1 5 83
1 5 84
1 5 87
1 5 88
1 5 90
1 5 91
1 5 92
1 5 94
1 5 95
1 5 96
1 5 98
1 5 99
1 6 0
1 6 1
1 6 10
1 6 100
1 6 102
1 6 114
1 6 118
1 6 12
1 6 126
1 6 128
1 6 13
1 6 130
1 6 132
1 6 136
1 6 14
1 6 140
1 6 144
1 6 154
1 6 16
1 6 166
1 6 17
1 6 170
1 6 172
1 6 18
1 6 182
1 6 184
1 6 186
1 6 188
1 6 194
1 6 196
1 6 198
1 6 2
1 6 20
1 6 200
1 6 204
1 6 208
1 6 21
1 6 210
1 6 212
1 6 216
1 6 22
1 6 238
1 6 24
1 6 246
1 6 25
1 6 26
1 6 28
1 6 29
1 6 30
1 6 32
1 6 33
1 6 34
1 6 36
1 6 37
1 6 38
1 6 4
1 6 40
1 6 41
1 6 42
1 6 44
1 6 45
1 6 46
1 6 48
1 6 49
1 6 5
1 6 50
1 6 52
1 6 53
1 6 54
1 6 58
1 6 6
1 6 62
1 6 64
1 6 65
1 6 66
1 6 68
1 6 70
1 6 72
1 6 74
1 6 76
1 6 77
1 6 78
1 6 8
1 6 80
1 6 81
1 6 82
1 6 84
1 6 85
1 6 86
1 6 88
1 6 89
1 6 9
1 6 90
1 6 92
1 6 93
1 6 94
1 6 96
1 6 98
1 7 0
1 7 1
1 7 100
1 7 11
1 7 12
1 7 128
1 7 13
1 7 132
1 7 136
1 7 140
1 7 144
1 7 15
1 7 16
1 7 17
1 7 172
1 7 184
1 7 188
1 7 19
1 7 196
1 7 20
1 7 200
1 7 204
1 7 208
1 7 21
1 7 212
1 7 216
1 7 23
1 7 24
1 7 25
1 7 27
1 7 28
1 7 29
1 7 3
1 7 31
1 7 32
1 7 33
1 7 35
1 7 36
1 7 37
1 7 39
1 7 4
1 7 40
1 7 41
1 7 43
1 7 44
1 7 47
1 7 48
1 7 5
1 7 51
1 7 52
1 7 59
1 7 64
1 7 65
1 7 68
1 7 7
1 7 71
1 7 72
1 7 76
1 7 77
1 7 79
1 7 8
1 7 80
1 7 81
1 7 83
1 7 84
1 7 87
1 7 88
1 7 9
1 7 91
1 7 92
1 7 96
1 8 1
1 8 10
1 8 11
1 8 13
1 8 14
1 8 15
1 8 17
1 8 18
1 8 19
1 8 2
1 8 21
1 8 22
1 8 23
1 8 25
1 8 26
1 8 27
1 8 29
1 8 3
1 8 30
1 8 31
1 8 33
1 8 34
1 8 35
1 8 38
1 8 39
1 8 41
1 8 43
1 8 45
1 8 47
1 8 49
1 8 5
1 8 51
1 8 53
1 8 6
1 8 61
1 8 65
1 8 7
1 8 73
1 8 77
1 8 81
1 8 83
1 8 85
1 8 87
1 8 9
1 8 91
1 9 0
1 9 10
1 9 11
1 9 12
1 9 14
1 9 15
1 9 16
1 9 18
1 9 19
1 9 2
1 9 20
1 9 22
1 9 23
1 9 26
1 9 27
1 9 3
1 9 30
1 9 31
1 9 34
1 9 35
1 9 38
1 9 39
1 9 4
1 9 43
1 9 44
1 9 47
1 9 48
1 9 51
1 9 6
1 9 7
1 9 8
1 9 83
1 9 87
1 9 91
10 0 0
10 0 3
10 0 7
10 1 0
10 1 2
10 2 1
10 2 2
11 0 0
11 1 0
11 2 2
12 0 0
2 0 0
2 0 1
2 0 100
2 0 101
2 0 103
2 0 104
2 0 105
2 0 107
2 0 108
2 0 109
2 0 11
2 0 111
2 0 112
2 0 113
2 0 115
2 0 116
2 0 117
2 0 119
2 0 12
2 0 120
2 0 121
2 0 123
2 0 124
2 0 125
2 0 127
2 0 128
2 0 129
2 0 13
2 0 131
2 0 132
2 0 133
2 0 135
2 0 136
2 0 137
2 0 139
2 0 140
2 0 141
2 0 143
2 0 144
2 0 145
2 0 147
2 0 148
2 0 149
2 0 15
2 0 151
2 0 152
2 0 153
2 0 155
2 0 156
2 0 157
2 0 159
2 0 16
2 0 160
2 0 161
2 0 163
2 0 164
2 0 165
2 0 167
2 0 168
2 0 169
2 0 17
2 0 171
2 0 172
2 0 173
2 0 175
2 0 176
2 0 177
2 0 179
2 0 180
2 0 181
2 0 183
2 0 184
2 0 185
2 0 187
2 0 188
2 0 189
2 0 19
2 0 191
2 0 192
2 0 193
2 0 195
2 0 196
2 0 197
2 0 199
2 0 20
2 0 200
2 0 201
2 0 203
2 0 204
2 0 205
2 0 207
2 0 208
2 0 209
2 0 21
2 0 211
2 0 212
2 0 213
2 0 215
2 0 216
2 0 217
2 0 219
2 0 220
2 0 221
2 0 223
2 0 224
2 0 225
2 0 227
2 0 228
2 0 229
2 0 23
2 0 231
2 0 232
2 0 233
2 0 235
2 0 236
2 0 237
2 0 239
2 0 24
2 0 240
2 0 241
2 0 243
2 0 244
2 0 245
2 0 247
2 0 248
2 0 249
2 0 25
2 0 251
2 0 252
2 0 253
2 0 255
2 0 256
2 0 257
2 0 259
2 0 260
2 0 261
2 0 263
2 0 264
2 0 265
2 0 267
2 0 268
2 0 269
2 0 27
2 0 271
2 0 272
2 0 273
2 0 275
2 0 276
2 0 277
2 0 279
2 0 28
2 0 280
2 0 281
2 0 283
2 0 284
2 0 285
2 0 287
2 0 288
2 0 289
2 0 29
2 0 291
2 0 292
2 0 293
2 0 295
2 0 296
2 0 297
2 0 299
2 0 3
2 0 300
2 0 301
2 0 303
2 0 304
2 0 305
2 0 307
2 0 308
2 0 309
2 0 31
2 0 311
2 0 312
2 0 313
2 0 315
2 0 316
2 0 317
2 0 319
2 0 32
2 0 320
2 0 321
2 0 323
2 0 324
2 0 325
2 0 327
2 0 328
2 0 329
2 0 33
2 0 331
2 0 332
2 0 333
2 0 335
2 0 336
2 0 337
2 0 339
2 0 340
2 0 341
2 0 343
2 0 344
2 0 345
2 0 347
2 0 348
2 0 349
2 0 35
2 0 351
2 0 352
2 0 353
2 0 355
2 0 356
2 0 357
2 0 359
2 0 36
2 0 360
2 0 361
2 0 363
2 0 364
2 0 365
2 0 367
2 0 368
2 0 369
2 0 37
2 0 371
2 0 372
2 0 373
2 0 375
2 0 376
2 0 377
2 0 379
2 0 380
2 0 381
2 0 383
2 0 384
2 0 385
2 0 387
2 0 388
2 0 389
2 0 39
2 0 392
2 0 393
2 0 4
2 0 40
2 0 41
2 0 43
2 0 44
2 0 45
2 0 47
2 0 48
2 0 49
2 0 5
2 0 51
2 0 52
2 0 53
2 0 55
2 0 56
2 0 57
2 0 59
2 0 60
2 0 61
2 0 63
2 0 64
2 0 65
2 0 67
2 0 68
2 0 69
2 0 7
2 0 71
2 0 72
2 0 73
2 0 75
2 0 76
2 0 77
2 0 79
2 0 8
2 0 80
2 0 81
2 0 83
2 0 84
2 0 85
2 0 87
2 0 88
2 0 89
2 0 9
2 0 91
2 0 92
2 0 93
2 0 95
2 0 96
2 0 97
2 0 99
2 1 0
2 1 1
2 1 10
2 1 100
2 1 101
2 1 102
2 1 104
2 1 105
2 1 106
2 1 108
2 1 109
2 1 110
2 1 112
2 1 113
2 1 114
2 1 116
2 1 117
2 1 118
2 1 12
2 1 120
2 1 121
2 1 122
2 1 124
2 1 125
2 1 126
2 1 128
2 1 129
2 1 13
2 1 130
2 1 132
2 1 133
2 1 134
2 1 136
2 1 137
2 1 138
2 1 14
2 1 140
2 1 141
2 1 142
2 1 144
2 1 145
2 1 146
2 1 148
2 1 149
2 1 150
2 1 152
2 1 153
2 1 154
2 1 156
2 1 157
2 1 158
2 1 16
2 1 160
2 1 161
2 1 162
2 1 164
2 1 165
2 1 166
2 1 168
2 1 169
2 1 17
2 1 170
2 1 172
2 1 173
2 1 174
2 1 176
2 1 177
2 1 178
2 1 18
2 1 180
2 1 181
2 1 182
2 1 184
2 1 185
2 1 186
2 1 188
2 1 189
2 1 190
2 1 192
2 1 193
2 1 194
2 1 196
2 1 197
2 1 198
2 1 2
2 1 20
2 1 200
2 1 201
2 1 202
2 1 204
2 1 205
2 1 206
2 1 208
2 1 209
2 1 21
2 1 210
2 1 212
2 1 213
2 1 214
2 1 216
2 1 217
2 1 218
2 1 22
2 1 220
2 1 221
2 1 222
2 1 224
2 1 225
2 1 226
2 1 228
2 1 229
2 1 230
2 1 232
2 1 233
2 1 234
2 1 236
2 1 237
2 1 238
2 1 24
2 1 240
2 1 241
2 1 242
2 1 244
2 1 245
2 1 246
2 1 248
2 1 249
2 1 25
2 1 250
2 1 252
2 1 253
2 1 254
2 1 256
2 1 257
2 1 258
2 1 26
2 1 260
2 1 261
2 1 262
2 1 264
2 1 265
2 1 266
2 1 268
2 1 269
2 1 270
2 1 272
2 1 273
2 1 274
2 1 276
2 1 277
2 1 278
2 1 28
2 1 280
2 1 281
2 1 282
2 1 284
2 1 285
2 1 286
2 1 288
2 1 289
2 1 29
2 1 290
2 1 292
2 1 293
2 1 294
2 1 296
2 1 297
2 1 298
2 1 30
2 1 300
2 1 301
2 1 302
2 1 304
2 1 305
2 1 306
2 1 308
2 1 309
2 1 310
2 1 312
2 1 313
2 1 314
2 1 316
2 1 317
2 1 318
2 1 32
2 1 320
2 1 321
2 1 322
2 1 324
2 1 325
2 1 326
2 1 328
2 1 329
2 1 33
2 1 330
2 1 332
2 1 333
2 1 334
2 1 336
2 1 337
2 1 338
2 1 34
2 1 340
2 1 341
2 1 342
2 1 344
2 1 345
2 1 346
2 1 348
2 1 349
2 1 350
2 1 352
2 1 353
2 1 354
2 1 356
2 1 357
2 1 358
2 1 36
2 1 360
2 1 361
2 1 362
2 1 364
2 1 365
2 1 366
2 1 368
2 1 369
2 1 37
2 1 370
2 1 372
2 1 373
2 1 374
2 1 376
2 1 377
2 1 378
2 1 38
2 1 380
2 1 381
2 1 382
2 1 384
2 1 385
2 1 386
2 1 388
2 1 389
2 1 392
2 1 4
2 1 40
2 1 41
2 1 42
2 1 44
2 1 45
2 1 46
2 1 48
2 1 49
2 1 5
2 1 50
2 1 52
2 1 53
2 1 54
2 1 56
2 1 57
2 1 58
2 1 6
2 1 60
2 1 61
2 1 62
2 1 64
2 1 65
2 1 66
2 1 68
2 1 69
2 1 70
2 1 72
2 1 73
2 1 74
2 1 76
2 1 77
2 1 78
2 1 8
2 1 80
2 1 81
2 1 82
2 1 84
2 1 85
2 1 86
2 1 88
2 1 89
2 1 9
2 1 90
2 1 92
2 1 93
2 1 94
2 1 96
2 1 97
2 1 98
2 10 1
2 10 10
2 10 11
2 10 13
2 10 14
2 10 15
2 10 17
2 10 19
2 10 2
2 10 21
2 10 3
2 10 46
2 10 5
2 10 6
2 10 7
2 10 9
2 11 0
2 11 10
2 11 11
2 11 15
2 11 19
2 11 2
2 11 3
2 11 4
2 11 47
2 11 6
2 11 7
2 11 8
2 12 0
2 12 1
2 12 11
2 12 12
2 12 15
2 12 19
2 12 3
2 12 4
2 12 5
2 12 7
2 12 8
2 12 9
2 13 0
2 13 1
2 13 2
2 13 4
2 13 5
2 13 6
2 13 8
2 14 1
2 14 2
2 14 3
2 14 5
2 14 6
2 15 0
2 15 2
2 15 3
2 15 4
2 15 6
2 15 7
2 16 0
2 16 1
2 16 3
2 16 4
2 16 5
2 17 0
2 17 1
2 18 1
2 18 2
2 18 3
2 19 0
2 2 1
2 2 10
2 2 101
2 2 102
2 2 103
2 2 105
2 2 106
2 2 107
2 2 109
2 2 11
2 2 110
2 2 111
2 2 113
2 2 114
2 2 115
2 2 117
2 2 118
2 2 119
2 2 121
2 2 122
2 2 123
2 2 125
2 2 126
2 2 127
2 2 129
2 2 13
2 2 130
2 2 131
2 2 133
2 2 134
2 2 135
2 2 137
2 2 138
2 2 139
2 2 14
2 2 141
2 2 142
2 2 143
2 2 145
2 2 146
2 2 147
2 2 149
2 2 15
2 2 150
2 2 151
2 2 153
2 2 154
2 2 155
2 2 157
2 2 158
2 2 159
2 2 161
2 2 162
2 2 163
2 2 165
2 2 166
2 2 167
2 2 169
2 2 17
2 2 170
2 2 171
2 2 173
2 2 174
2 2 175
2 2 177
2 2 178
2 2 179
2 2 18
2 2 181
2 2 182
2 2 183
2 2 185
2 2 186
2 2 187
2 2 189
2 2 19
2 2 190
2 2 191
2 2 193
2 2 194
2 2 195
2 2 197
2 2 198
2 2 199
2 2 2
2 2 201
2 2 202
2 2 203
2 2 205
2 2 206
2 2 207
2 2 209
2 2 21
2 2 210
2 2 211
2 2 213
2 2 214
2 2 215
2 2 217
2 2 218
2 2 219
2 2 22
2 2 221
2 2 222
2 2 223
2 2 225
2 2 226
2 2 227
2 2 229
2 2 23
2 2 230
2 2 231
2 2 233
2 2 234
2 2 235
2 2 237
2 2 238
2 2 239
2 2 241
2 2 242
2 2 243
2 2 245
2 2 246
2 2 247
2 2 249
2 2 25
2 2 250
2 2 251
2 2 253
2 2 254
2 2 255
2 2 257
2 2 258
2 2 259
2 2 26
2 2 261
2 2 262
2 2 263
2 2 265
2 2 266
2 2 267
2 2 269
2 2 27
2 2 270
2 2 271
2 2 273
2 2 274
2 2 275
2 2 277
2 2 278
2 2 279
2 2 281
2 2 282
2 2 283
2 2 285
2 2 286
2 2 287
2 2 289
2 2 29
2 2 290
2 2 291
2 2 293
2 2 294
2 2 295
2 2 297
2 2 298
2 2 299
2 2 3
2 2 30
2 2 301
2 2 302
2 2 303
2 2 305
2 2 306
2 2 307
2 2 309
2 2 31
2 2 310
2 2 311
2 2 313
2 2 314
2 2 315
2 2 317
2 2 318
2 2 319
2 2 322
2 2 323
2 2 326
2 2 33
2 2 330
2 2 331
2 2 334
2 2 335
2 2 338
2 2 34
2 2 342
2 2 343
2 2 346
2 2 347
2 2 35
2 2 350
2 2 351
2 2 354
2 2 355
2 2 358
2 2 359
2 2 362
2 2 363
2 2 366
2 2 37
2 2 370
2 2 371
2 2 374
2 2 378
2 2 379
2 2 38
2 2 382
2 2 383
2 2 386
2 2 39
2 2 390
2 2 41
2 2 42
2 2 43
2 2 45
2 2 46
2 2 47
2 2 49
2 2 5
2 2 50
2 2 51
2 2 53
2 2 54
2 2 55
2 2 57
2 2 58
2 2 59
2 2 6
2 2 61
2 2 62
2 2 63
2 2 65
2 2 66
2 2 67
2 2 69
2 2 7
2 2 70
2 2 71
2 2 73
2 2 74
2 2 75
2 2 77
2 2 78
2 2 79
2 2 81
2 2 82
2 2 83
2 2 85
2 2 86
2 2 87
2 2 89
2 2 9
2 2 90
2 2 91
2 2 93
2 2 94
2 2 95
2 2 97
2 2 98
2 2 99
2 20 0
2 21 0
2 3 0
2 3 10
2 3 100
2 3 102
2 3 103
2 3 104
2 3 106
2 3 107
2 3 108
2 3 11
2 3 110
2 3 111
2 3 112
2 3 114
2 3 115
2 3 116
2 3 118
2 3 119
2 3 12
2 3 120
2 3 122
2 3 123
2 3 124
2 3 126
2 3 127
2 3 128
2 3 130
2 3 131
2 3 132
2 3 134
2 3 135
2 3 136
2 3 138
2 3 139
2 3 14
2 3 140
2 3 142
2 3 144
2 3 146
2 3 147
2 3 148
2 3 15
2 3 150
2 3 151
2 3 152
2 3 154
2 3 155
2 3 156
2 3 158
2 3 159
2 3 16
2 3 160
2 3 162
2 3 163
2 3 164
2 3 166
2 3 167
2 3 168
2 3 170
2 3 171
2 3 172
2 3 174
2 3 175
2 3 176
2 3 178
2 3 179
2 3 18
2 3 180
2 3 182
2 3 183
2 3 184
2 3 186
2 3 187
2 3 188
2 3 19
2 3 190
2 3 191
2 3 192
2 3 194
2 3 195
2 3 196
2 3 198
2 3 199
2 3 2
2 3 20
2 3 200
2 3 202
2 3 203
2 3 204
2 3 206
2 3 207
2 3 208
2 3 210
2 3 211
2 3 212
2 3 214
2 3 215
2 3 216
2 3 218
2 3 219
2 3 22
2 3 220
2 3 222
2 3 224
2 3 226
2 3 227
2 3 228
2 3 23
2 3 230
2 3 231
2 3 232
2 3 234
2 3 235
2 3 236
2 3 238
2 3 239
2 3 24
2 3 240
2 3 242
2 3 243
2 3 244
2 3 246
2 3 248
2 3 250
2 3 251
2 3 252
2 3 254
2 3 255
2 3 256
2 3 258
2 3 259
2 3 26
2 3 260
2 3 262
2 3 264
2 3 266
2 3 268
2 3 27
2 3 270
2 3 271
2 3 272
2 3 274
2 3 276
2 3 278
2 3 28
2 3 280
2 3 282
2 3 284
2 3 286
2 3 288
2 3 290
2 3 292
2 3 294
2 3 295
2 3 296
2 3 298
2 3 299
2 3 3
2 3 30
2 3 300
2 3 302
2 3 303
2 3 304
2 3 306
2 3 307
2 3 308
2 3 31
2 3 310
2 3 311
2 3 312
2 3 314
2 3 315
2 3 316
2 3 318
2 3 32
2 3 322
2 3 326
2 3 330
2 3 334
2 3 335
2 3 338
2 3 339
2 3 34
2 3 342
2 3 343
2 3 346
2 3 347
2 3 35
2 3 350
2 3 351
2 3 354
2 3 355
2 3 358
2 3 359
2 3 36
2 3 362
2 3 363
2 3 366
2 3 370
2 3 374
2 3 378
2 3 379
2 3 38
2 3 382
2 3 386
2 3 39
2 3 4
2 3 40
2 3 42
2 3 43
2 3 44
2 3 46
2 3 47
2 3 48
2 3 50
2 3 51
2 3 52
2 3 54
2 3 55
2 3 56
2 3 58
2 3 59
2 3 6
2 3 60
2 3 62
2 3 63
2 3 64
2 3 66
2 3 67
2 3 68
2 3 7
2 3 70
2 3 71
2 3 72
2 3 74
2 3 75
2 3 76
2 3 78
2 3 79
2 3 8
2 3 80
2 3 82
2 3 83
2 3 84
2 3 86
2 3 87
2 3 88
2 3 90
2 3 91
2 3 92
2 3 94
2 3 95
2 3 96
2 3 98
2 3 99
2 4 0
2 4 1
2 4 100
2 4 101
2 4 103
2 4 104
2 4 105
2 4 107
2 4 108
2 4 109
2 4 11
2 4 111
2 4 112
2 4 116
2 4 119
2 4 12
2 4 120
2 4 121
2 4 124
2 4 125
2 4 127
2 4 128
2 4 129
2 4 13
2 4 131
2 4 132
2 4 136
2 4 137
2 4 139
2 4 140
2 4 141
2 4 144
2 4 147
2 4 148
2 4 15
2 4 151
2 4 152
2 4 153
2 4 155
2 4 156
2 4 159
2 4 16
2 4 160
2 4 161
2 4 163
2 4 164
2 4 165
2 4 168
2 4 17
2 4 171
2 4 172
2 4 176
2 4 180
2 4 181
2 4 183
2 4 184
2 4 187
2 4 188
2 4 19
2 4 191
2 4 192
2 4 195
2 4 196
2 4 197
2 4 199
2 4 20
2 4 200
2 4 201
2 4 204
2 4 207
2 4 208
2 4 21
2 4 211
2 4 212
2 4 213
2 4 216
2 4 219
2 4 220
2 4 224
2 4 227
2 4 228
2 4 23
2 4 231
2 4 232
2 4 236
2 4 24
2 4 240
2 4 243
2 4 244
2 4 248
2 4 25
2 4 251
2 4 252
2 4 253
2 4 256
2 4 257
2 4 259
2 4 260
2 4 264
2 4 268
2 4 27
2 4 271
2 4 272
2 4 276
2 4 28
2 4 280
2 4 284
2 4 288
2 4 29
2 4 292
2 4 296
2 4 297
2 4 299
2 4 3
2 4 300
2 4 303
2 4 304
2 4 308
2 4 31
2 4 312
2 4 315
2 4 316
2 4 32
2 4 33
2 4 335
2 4 343
2 4 347
2 4 35
2 4 351
2 4 355
2 4 359
2 4 36
2 4 363
2 4 37
2 4 379
2 4 39
2 4 4
2 4 40
2 4 41
2 4 43
2 4 44
2 4 45
2 4 47
2 4 48
2 4 49
2 4 5
2 4 51
2 4 52
2 4 53
2 4 55
2 4 56
2 4 57
2 4 59
2 4 60
2 4 61
2 4 63
2 4 64
2 4 65
2 4 67
2 4 68
2 4 69
2 4 7
2 4 71
2 4 72
2 4 73
2 4 75
2 4 76
2 4 77
2 4 79
2 4 8
2 4 80
2 4 81
2 4 83
2 4 84
2 4 85
2 4 87
2 4 88
2 4 89
2 4 9
2 4 91
2 4 92
2 4 93
2 4 95
2 4 96
2 4 97
2 4 99
2 5 0
2 5 1
2 5 10
2 5 100
2 5 104
2 5 108
2 5 109
2 5 112
2 5 116
2 5 12
2 5 120
2 5 124
2 5 128
2 5 13
2 5 132
2 5 136
2 5 14
2 5 140
2 5 144
2 5 148
2 5 152
2 5 153
2 5 156
2 5 16
2 5 160
2 5 164
2 5 168
2 5 17
2 5 172
2 5 176
2 5 18
2 5 180
2 5 184
2 5 188
2 5 192
2 5 196
2 5 2
2 5 20
2 5 200
2 5 201
2 5 204
2 5 208
2 5 21
2 5 212
2 5 216
2 5 22
2 5 220
2 5 224
2 5 228
2 5 232
2 5 236
2 5 24
2 5 240
2 5 244
2 5 248
2 5 25
2 5 252
2 5 256
2 5 26
2 5 260
2 5 264
2 5 268
2 5 272
2 5 276
2 5 28
2 5 280
2 5 284
2 5 288
2 5 29
2 5 292
2 5 296
2 5 30
2 5 300
2 5 304
2 5 308
2 5 312
2 5 316
2 5 32
2 5 33
2 5 34
2 5 36
2 5 37
2 5 38
2 5 4
2 5 40
2 5 41
2 5 42
2 5 44
2 5 45
2 5 46
2 5 48
2 5 5
2 5 50
2 5 52
2 5 53
2 5 54
2 5 56
2 5 6
2 5 60
2 5 61
2 5 64
2 5 65
2 5 68
2 5 70
2 5 72
2 5 73
2 5 74
2 5 76
2 5 77
2 5 78
2 5 8
2 5 80
2 5 81
2 5 82
2 5 84
2 5 85
2 5 86
2 5 88
2 5 89
2 5 9
2 5 90
2 5 92
2 5 93
2 5 94
2 5 96
2 5 98
2 6 1
2 6 10
2 6 109
2 6 11
2 6 13
2 6 130
2 6 14
2 6 15
2 6 153
2 6 17
2 6 18
2 6 19
2 6 2
2 6 201
2 6 21
2 6 22
2 6 23
2 6 25
2 6 26
2 6 27
2 6 29
2 6 3
2 6 30
2 6 31
2 6 33
2 6 34
2 6 35
2 6 37
2 6 38
2 6 39
2 6 41
2 6 42
2 6 43
2 6 45
2 6 46
2 6 47
2 6 49
2 6 5
2 6 50
2 6 51
2 6 53
2 6 54
2 6 55
2 6 58
2 6 6
2 6 61
2 6 65
2 6 66
2 6 7
2 6 70
2 6 73
2 6 74
2 6 75
2 6 77
2 6 78
2 6 79
2 6 82
2 6 83
2 6 85
2 6 86
2 6 87
2 6 89
2 6 9
2 6 90
2 6 91
2 6 93
2 6 94
2 6 98
2 7 0
2 7 10
2 7 11
2 7 12
2 7 14
2 7 15
2 7 16
2 7 18
2 7 19
2 7 2
2 7 20
2 7 22
2 7 23
2 7 24
2 7 26
2 7 27
2 7 3
2 7 30
2 7 31
2 7 32
2 7 34
2 7 35
2 7 38
2 7 39
2 7 4
2 7 43
2 7 44
2 7 47
2 7 48
2 7 50
2 7 51
2 7 52
2 7 54
2 7 59
2 7 6
2 7 7
2 7 70
2 7 71
2 7 74
2 7 75
2 7 79
2 7 8
2 7 82
2 7 83
2 7 86
2 7 87
2 7 91
2 7 94
2 7 98
2 8 0
2 8 1
2 8 11
2 8 12
2 8 13
2 8 15
2 8 16
2 8 17
2 8 19
2 8 20
2 8 21
2 8 23
2 8 24
2 8 25
2 8 27
2 8 3
2 8 31
2 8 32
2 8 33
2 8 35
2 8 39
2 8 4
2 8 41
2 8 43
2 8 44
2 8 45
2 8 48
2 8 49
2 8 5
2 8 52
2 8 53
2 8 61
2 8 7
2 8 73
2 8 75
2 8 79
2 8 8
2 8 81
2 8 85
2 8 87
2 8 9
2 8 91
2 9 0
2 9 1
2 9 10
2 9 12
2 9 13
2 9 14
2 9 16
2 9 17
2 9 18
2 9 2
2 9 20
2 9 21
2 9 22
2 9 24
2 9 32
2 9 4
2 9 44
2 9 48
2 9 5
2 9 52
2 9 6
2 9 8
2 9 9
3 0 0
3 0 1
3 0 10
3 0 100
3 0 101
3 0 102
3 0 104
3 0 105
3 0 106
3 0 108
3 0 109
3 0 110
3 0 112
3 0 113
3 0 114
3 0 116
3 0 117
3 0 118
3 0 12
3 0 120
3 0 121
3 0 122
3 0 124
3 0 125
3 0 126
3 0 128
3 0 129
3 0 13
3 0 130
3 0 132
3 0 133
3 0 134
3 0 136
3 0 137
3 0 138
3 0 14
3 0 140
3 0 141
3 0 142
3 0 144
3 0 145
3 0 146
3 0 148
3 0 149
3 0 150
3 0 152
3 0 153
3 0 154
3 0 156
3 0 157
3 0 158
3 0 16
3 0 160
3 0 161
3 0 162
3 0 164
3 0 165
3 0 166
3 0 168
3 0 169
3 0 17
3 0 170
3 0 172
3 0 173
3 0 174
3 0 176
3 0 177
3 0 178
3 0 18
3 0 180
3 0 181
3 0 182
3 0 184
3 0 185
3 0 186
3 0 188
3 0 189
3 0 190
3 0 192
3 0 193
3 0 194
3 0 196
3 0 197
3 0 198
3 0 2
3 0 20
3 0 200
3 0 201
3 0 202
3 0 204
3 0 205
3 0 206
3 0 208
3 0 209
3 0 21
3 0 210
3 0 212
3 0 213
3 0 214
3 0 216
3 0 217
3 0 218
3 0 22
3 0 220
3 0 221
3 0 222
3 0 224
3 0 225
3 0 226
3 0 228
3 0 229
3 0 230
3 0 232
3 0 233
3 0 234
3 0 236
3 0 237
3 0 238
3 0 24
3 0 240
3 0 241
3 0 242
3 0 244
3 0 245
3 0 246
3 0 248
3 0 249
3 0 25
3 0 250
3 0 252
3 0 253
3 0 254
3 0 256
3 0 257
3 0 258
3 0 26
3 0 260
3 0 261
3 0 262
3 0 264
3 0 265
3 0 266
3 0 268
3 0 269
3 0 270
3 0 272
3 0 273
3 0 274
3 0 276
3 0 277
3 0 278
3 0 28
3 0 280
3 0 281
3 0 282
3 0 284
3 0 285
3 0 286
3 0 288
3 0 289
3 0 29
3 0 290
3 0 292
3 0 293
3 0 294
3 0 296
3 0 297
3 0 298
3 0 30
3 0 300
3 0 301
3 0 302
3 0 304
3 0 305
3 0 306
3 0 308
3 0 309
3 0 310
3 0 312
3 0 313
3 0 314
3 0 316
3 0 317
3 0 318
3 0 32
3 0 320
3 0 321
3 0 322
3 0 324
3 0 325
3 0 326
3 0 328
3 0 329
3 0 33
3 0 330
3 0 332
3 0 333
3 0 334
3 0 336
3 0 337
3 0 338
3 0 34
3 0 340
3 0 341
3 0 342
3 0 344
3 0 345
3 0 346
3 0 348
3 0 349
3 0 350
3 0 352
3 0 353
3 0 354
3 0 356
3 0 357
3 0 358
3 0 36
3 0 360
3 0 361
3 0 362
3 0 364
3 0 365
3 0 366
3 0 368
3 0 369
3 0 37
3 0 370
3 0 372
3 0 373
3 0 374
3 0 376
3 0 377
3 0 378
3 0 38
3 0 380
3 0 381
3 0 382
3 0 384
3 0 385
3 0 386
3 0 388
3 0 389
3 0 392
3 0 393
3 0 4
3 0 40
3 0 41
3 0 42
3 0 44
3 0 45
3 0 46
3 0 48
3 0 49
3 0 5
3 0 50
3 0 52
3 0 53
3 0 54
3 0 56
3 0 57
3 0 58
3 0 6
3 0 60
3 0 61
3 0 62
3 0 64
3 0 65
3 0 66
3 0 68
3 0 69
3 0 70
3 0 72
3 0 73
3 0 74
3 0 76
3 0 77
3 0 78
3 0 8
3 0 80
3 0 81
3 0 82
3 0 84
3 0 85
3 0 86
3 0 88
3 0 89
3 0 9
3 0 90
3 0 92
3 0 93
3 0 94
3 0 96
3 0 97
3 0 98
3 1 0
3 1 1
3 1 100
3 1 101
3 1 103
3 1 104
3 1 105
3 1 107
3 1 108
3 1 109
3 1 11
3 1 111
3 1 112
3 1 113
3 1 116
3 1 117
3 1 119
3 1 12
3 1 120
3 1 121
3 1 124
3 1 125
3 1 127
3 1 128
3 1 129
3 1 13
3 1 131
3 1 132
3 1 133
3 1 136
3 1 137
3 1 139
3 1 140
3 1 141
3 1 144
3 1 145
3 1 147
3 1 148
3 1 149
3 1 15
3 1 151
3 1 152
3 1 153
3 1 155
3 1 156
3 1 157
3 1 159
3 1 16
3 1 160
3 1 161
3 1 163
3 1 164
3 1 165
3 1 168
3 1 169
3 1 17
3 1 171
3 1 172
3 1 173
3 1 176
3 1 177
3 1 180
3 1 181
3 1 183
3 1 184
3 1 185
3 1 187
3 1 188
3 1 189
3 1 19
3 1 191
3 1 192
3 1 193
3 1 195
3 1 196
3 1 197
3 1 199
3 1 20
3 1 200
3 1 201
3 1 204
3 1 205
3 1 207
3 1 208
3 1 209
3 1 21
3 1 211
3 1 212
3 1 213
3 1 216
3 1 217
3 1 219
3 1 220
3 1 221
3 1 224
3 1 225
3 1 227
3 1 228
3 1 229
3 1 23
3 1 231
3 1 232
3 1 233
3 1 236
3 1 237
3 1 24
3 1 240
3 1 241
3 1 243
3 1 244
3 1 245
3 1 248
3 1 249
3 1 25
3 1 251
3 1 252
3 1 253
3 1 256
3 1 257
3 1 259
3 1 260
3 1 261
3 1 264
3 1 265
3 1 268
3 1 269
3 1 271
3 1 272
3 1 273
3 1 276
3 1 277
3 1 28
3 1 280
3 1 281
3 1 284
3 1 285
3 1 288
3 1 289
3 1 29
3 1 292
3 1 293
3 1 296
3 1 297
3 1 299
3 1 3
3 1 300
3 1 301
3 1 303
3 1 304
3 1 305
3 1 308
3 1 309
3 1 31
3 1 312
3 1 313
3 1 315
3 1 316
3 1 317
3 1 32
3 1 320
3 1 321
3 1 324
3 1 325
3 1 328
3 1 329
3 1 33
3 1 332
3 1 333
3 1 335
3 1 336
3 1 337
3 1 340
3 1 341
3 1 343
3 1 344
3 1 345
3 1 347
3 1 348
3 1 349
3 1 35
3 1 351
3 1 352
3 1 353
3 1 355
3 1 356
3 1 357
3 1 359
3 1 36
3 1 360
3 1 361
3 1 363
3 1 364
3 1 365
3 1 368
3 1 369
3 1 37
3 1 372
3 1 373
3 1 376
3 1 377
3 1 379
3 1 380
3 1 381
3 1 384
3 1 385
3 1 388
3 1 389
3 1 39
3 1 392
3 1 4
3 1 40
3 1 41
3 1 43
3 1 44
3 1 45
3 1 47
3 1 48
3 1 49
3 1 5
3 1 51
3 1 52
3 1 53
3 1 55
3 1 56
3 1 57
3 1 59
3 1 60
3 1 61
3 1 63
3 1 64
3 1 65
3 1 67
3 1 68
3 1 69
3 1 7
3 1 71
3 1 72
3 1 73
3 1 75
3 1 76
3 1 77
3 1 79
3 1 8
3 1 80
3 1 81
3 1 83
3 1 84
3 1 85
3 1 87
3 1 88
3 1 89
3 1 9
3 1 91
3 1 92
3 1 93
3 1 95
3 1 96
3 1 97
3 1 99
3 10 0
3 10 10
3 10 11
3 10 14
3 10 2
3 10 3
3 10 4
3 10 46
3 10 6
3 10 7
3 11 1
3 11 10
3 11 3
3 11 47
3 11 5
3 11 7
3 12 0
3 12 1
3 12 10
3 12 12
3 12 2
3 12 4
3 12 5
3 12 6
3 13 0
3 13 1
3 13 3
3 13 4
3 13 8
3 14 0
3 14 2
3 14 3
3 14 6
3 15 1
3 15 2
3 15 3
3 15 7
3 16 0
3 16 1
3 16 4
3 16 5
3 17 0
3 17 1
3 18 0
3 2 0
3 2 10
3 2 100
3 2 102
3 2 104
3 2 106
3 2 107
3 2 108
3 2 11
3 2 110
3 2 111
3 2 112
3 2 114
3 2 115
3 2 116
3 2 118
3 2 119
3 2 12
3 2 120
3 2 122
3 2 123
3 2 124
3 2 126
3 2 127
3 2 128
3 2 130
3 2 131
3 2 132
3 2 134
3 2 136
3 2 138
3 2 14
3 2 140
3 2 142
3 2 144
3 2 146
3 2 147
3 2 148
3 2 15
3 2 150
3 2 151
3 2 152
3 2 154
3 2 156
3 2 158
3 2 16
3 2 160
3 2 162
3 2 163
3 2 164
3 2 166
3 2 167
3 2 168
3 2 170
3 2 171
3 2 172
3 2 174
3 2 176
3 2 178
3 2 179
3 2 18
3 2 180
3 2 182
3 2 183
3 2 184
3 2 186
3 2 188
3 2 19
3 2 190
3 2 191
3 2 192
3 2 194
3 2 195
3 2 196
3 2 198
3 2 199
3 2 2
3 2 20
3 2 200
3 2 202
3 2 204
3 2 206
3 2 208
3 2 210
3 2 211
3 2 212
3 2 214
3 2 215
3 2 216
3 2 218
3 2 219
3 2 22
3 2 220
3 2 222
3 2 223
3 2 224
3 2 226
3 2 227
3 2 228
3 2 23
3 2 230
3 2 231
3 2 232
3 2 234
3 2 235
3 2 236
3 2 238
3 2 24
3 2 240
3 2 242
3 2 244
3 2 246
3 2 248
3 2 250
3 2 252
3 2 254
3 2 255
3 2 256
3 2 258
3 2 26
3 2 260
3 2 262
3 2 264
3 2 266
3 2 268
3 2 27
3 2 270
3 2 272
3 2 274
3 2 276
3 2 278
3 2 28
3 2 280
3 2 282
3 2 284
3 2 286
3 2 288
3 2 290
3 2 292
3 2 294
3 2 296
3 2 298
3 2 299
3 2 3
3 2 30
3 2 300
3 2 302
3 2 304
3 2 306
3 2 308
3 2 31
3 2 310
3 2 312
3 2 314
3 2 316
3 2 318
3 2 32
3 2 322
3 2 323
3 2 326
3 2 330
3 2 331
3 2 334
3 2 335
3 2 338
3 2 34
3 2 342
3 2 343
3 2 346
3 2 347
3 2 35
3 2 350
3 2 354
3 2 358
3 2 36
3 2 362
3 2 363
3 2 366
3 2 370
3 2 371
3 2 374
3 2 378
3 2 38
3 2 382
3 2 383
3 2 386
3 2 39
3 2 390
3 2 4
3 2 40
3 2 42
3 2 43
3 2 44
3 2 46
3 2 47
3 2 48
3 2 50
3 2 51
3 2 52
3 2 54
3 2 56
3 2 58
3 2 59
3 2 6
3 2 60
3 2 62
3 2 63
3 2 64
3 2 66
3 2 67
3 2 68
3 2 7
3 2 70
3 2 71
3 2 72
3 2 74
3 2 75
3 2 76
3 2 78
3 2 79
3 2 8
3 2 80
3 2 82
3 2 83
3 2 84
3 2 86
3 2 87
3 2 88
3 2 90
3 2 91
3 2 92
3 2 94
3 2 95
3 2 96
3 2 98
3 2 99
3 20 0
3 3 1
3 3 10
3 3 102
3 3 103
3 3 107
3 3 109
3 3 11
3 3 111
3 3 114
3 3 115
3 3 118
3 3 119
3 3 123
3 3 126
3 3 127
3 3 13
3 3 135
3 3 14
3 3 15
3 3 151
3 3 153
3 3 154
3 3 155
3 3 159
3 3 163
3 3 166
3 3 167
3 3 17
3 3 170
3 3 175
3 3 179
3 3 18
3 3 182
3 3 183
3 3 186
3 3 19
3 3 191
3 3 194
3 3 195
3 3 198
3 3 2
3 3 201
3 3 203
3 3 207
3 3 21
3 3 210
3 3 211
3 3 215
3 3 22
3 3 23
3 3 235
3 3 238
3 3 239
3 3 243
3 3 246
3 3 25
3 3 251
3 3 255
3 3 26
3 3 27
3 3 29
3 3 295
3 3 3
3 3 30
3 3 307
3 3 31
3 3 311
3 3 33
3 3 339
3 3 34
3 3 35
3 3 37
3 3 379
3 3 38
3 3 39
3 3 41
3 3 42
3 3 43
3 3 45
3 3 46
3 3 47
3 3 5
3 3 50
3 3 51
3 3 53
3 3 54
3 3 55
3 3 58
3 3 59
3 3 6
3 3 61
3 3 62
3 3 63
3 3 65
3 3 66
3 3 67
3 3 69
3 3 7
3 3 70
3 3 71
3 3 73
3 3 74
3 3 75
3 3 77
3 3 78
3 3 79
3 3 83
3 3 85
3 3 87
3 3 89
3 3 9
3 3 90
3 3 91
3 3 93
3 3 94
3 3 95
3 3 98
3 3 99
3 4 0
3 4 1
3 4 10
3 4 100
3 4 101
3 4 105
3 4 12
3 4 121
3 4 125
3 4 128
3 4 129
3 4 13
3 4 132
3 4 136
3 4 137
3 4 140
3 4 141
3 4 144
3 4 16
3 4 161
3 4 165
3 4 17
3 4 172
3 4 181
3 4 184
3 4 188
3 4 196
3 4 197
3 4 2
3 4 20
3 4 200
3 4 204
3 4 208
3 4 21
3 4 212
3 4 213
3 4 216
3 4 22
3 4 24
3 4 25
3 4 253
3 4 257
3 4 26
3 4 28
3 4 29
3 4 297
3 4 30
3 4 32
3 4 33
3 4 34
3 4 36
3 4 37
3 4 4
3 4 40
3 4 41
3 4 44
3 4 45
3 4 48
3 4 49
3 4 5
3 4 50
3 4 52
3 4 53
3 4 54
3 4 57
3 4 6
3 4 61
3 4 64
3 4 65
3 4 68
3 4 69
3 4 70
3 4 72
3 4 73
3 4 74
3 4 76
3 4 77
3 4 8
3 4 80
3 4 81
3 4 82
3 4 84
3 4 85
3 4 86
3 4 88
3 4 89
3 4 9
3 4 92
3 4 93
3 4 94
3 4 96
3 4 97
3 4 98
3 5 0
3 5 1
3 5 100
3 5 11
3 5 12
3 5 124
3 5 128
3 5 13
3 5 15
3 5 16
3 5 19
3 5 20
3 5 21
3 5 23
3 5 24
3 5 256
3 5 27
3 5 28
3 5 29
3 5 3
3 5 31
3 5 32
3 5 33
3 5 35
3 5 36
3 5 37
3 5 39
3 5 4
3 5 40
3 5 43
3 5 44
3 5 48
3 5 5
3 5 52
3 5 56
3 5 60
3 5 64
3 5 65
3 5 68
3 5 69
3 5 7
3 5 72
3 5 75
3 5 76
3 5 77
3 5 79
3 5 8
3 5 80
3 5 81
3 5 84
3 5 87
3 5 88
3 5 9
3 5 91
3 5 92
3 5 96
3 6 0
3 6 10
3 6 11
3 6 130
3 6 14
3 6 15
3 6 16
3 6 18
3 6 19
3 6 2
3 6 20
3 6 22
3 6 23
3 6 24
3 6 26
3 6 27
3 6 3
3 6 30
3 6 31
3 6 32
3 6 34
3 6 35
3 6 38
3 6 39
3 6 4
3 6 42
3 6 43
3 6 44
3 6 46
3 6 47
3 6 48
3 6 50
3 6 51
3 6 52
3 6 54
3 6 58
3 6 6
3 6 66
3 6 7
3 6 70
3 6 74
3 6 78
3 6 8
3 6 82
3 6 83
3 6 87
3 6 90
3 6 91
3 6 94
3 7 1
3 7 10
3 7 11
3 7 13
3 7 14
3 7 15
3 7 17
3 7 18
3 7 19
3 7 2
3 7 21
3 7 22
3 7 23
3 7 26
3 7 27
3 7 3
3 7 30
3 7 31
3 7 34
3 7 35
3 7 38
3 7 39
3 7 43
3 7 47
3 7 5
3 7 51
3 7 59
3 7 6
3 7 7
3 7 71
3 7 79
3 7 83
3 7 9
3 7 91
3 8 0
3 8 1
3 8 10
3 8 13
3 8 16
3 8 17
3 8 2
3 8 20
3 8 21
3 8 25
3 8 33
3 8 4
3 8 41
3 8 45
3 8 49
3 8 5
3 8 53
3 8 6
3 8 61
3 8 73
3 8 8
3 8 81
3 8 85
3 8 9
3 9 0
3 9 1
3 9 11
3 9 12
3 9 13
3 9 15
3 9 16
3 9 17
3 9 19
3 9 3
3 9 4
3 9 44
3 9 48
3 9 5
3 9 7
3 9 8
3 9 9
4 0 0
4 0 10
4 0 100
4 0 102
4 0 104
4 0 106
4 0 108
4 0 11
4 0 110
4 0 112
4 0 114
4 0 116
4 0 118
4 0 12
4 0 120
4 0 122
4 0 124
4 0 126
4 0 128
4 0 130
4 0 132
4 0 134
4 0 136
4 0 138
4 0 14
4 0 140
4 0 142
4 0 144
4 0 146
4 0 148
4 0 150
4 0 152
4 0 154
4 0 156
4 0 158
4 0 16
4 0 160
4 0 162
4 0 164
4 0 166
4 0 168
4 0 170
4 0 172
4 0 174
4 0 176
4 0 178
4 0 18
4 0 180
4 0 182
4 0 184
4 0 186
4 0 188
4 0 190
4 0 192
4 0 194
4 0 196
4 0 198
4 0 2
4 0 20
4 0 200
4 0 202
4 0 204
4 0 206
4 0 208
4 0 210
4 0 212
4 0 214
4 0 216
4 0 218
4 0 22
4 0 220
4 0 222
4 0 224
4 0 226
4 0 228
4 0 230
4 0 232
4 0 234
4 0 236
4 0 238
4 0 24
4 0 240
4 0 242
4 0 244
4 0 246
4 0 248
4 0 250
4 0 252
4 0 254
4 0 256
4 0 258
4 0 26
4 0 260
4 0 262
4 0 264
4 0 266
4 0 268
4 0 270
4 0 272
4 0 274
4 0 276
4 0 278
4 0 28
4 0 280
4 0 282
4 0 284
4 0 286
4 0 288
4 0 290
4 0 292
4 0 294
4 0 296
4 0 298
4 0 3
4 0 30
4 0 300
4 0 302
4 0 304
4 0 306
4 0 308
4 0 310
4 0 312
4 0 314
4 0 316
4 0 318
4 0 32
4 0 320
4 0 322
4 0 324
4 0 326
4 0 328
4 0 330
4 0 332
4 0 334
4 0 336
4 0 338
4 0 34
4 0 340
4 0 342
4 0 344
4 0 346
4 0 348
4 0 350
4 0 352
4 0 354
4 0 356
4 0 358
4 0 36
4 0 360
4 0 362
4 0 364
4 0 366
4 0 368
4 0 370
4 0 372
4 0 374
4 0 376
4 0 378
4 0 38
4 0 380
4 0 382
4 0 384
4 0 386
4 0 388
4 0 392
4 0 4
4 0 40
4 0 42
4 0 44
4 0 46
4 0 48
4 0 50
4 0 52
4 0 54
4 0 56
4 0 58
4 0 6
4 0 60
4 0 62
4 0 64
4 0 66
4 0 68
4 0 7
4 0 70
4 0 72
4 0 74
4 0 75
4 0 76
4 0 78
4 0 8
4 0 80
4 0 82
4 0 84
4 0 86
4 0 87
4 0 88
4 0 90
4 0 92
4 0 94
4 0 96
4 0 98
4 1 1
4 1 10
4 1 101
4 1 103
4 1 105
4 1 107
4 1 109
4 1 11
4 1 111
4 1 113
4 1 117
4 1 119
4 1 121
4 1 125
4 1 127
4 1 129
4 1 13
4 1 131
4 1 133
4 1 137
4 1 139
4 1 141
4 1 145
4 1 147
4 1 149
4 1 15
4 1 151
4 1 153
4 1 155
4 1 157
4 1 159
4 1 161
4 1 163
4 1 165
4 1 169
4 1 17
4 1 171
4 1 173
4 1 177
4 1 181
4 1 183
4 1 185
4 1 187
4 1 189
4 1 19
4 1 191
4 1 193
4 1 195
4 1 197
4 1 199
4 1 2
4 1 201
4 1 205
4 1 207
4 1 209
4 1 21
4 1 211
4 1 213
4 1 217
4 1 219
4 1 221
4 1 225
4 1 227
4 1 229
4 1 23
4 1 3
4 1 41
4 1 5
4 1 6
4 1 63
4 1 7
4 1 71
4 1 9
4 1 91
4 1 93
4 10 11
4 10 4
4 10 7
4 11 1
4 11 10
4 11 5
4 12 0
4 12 12
4 12 2
4 12 4
4 12 6
4 13 1
4 13 3
4 14 0
4 14 3
4 15 1
4 15 2
4 16 0
4 16 4
4 17 1
4 18 0
4 2 0
4 2 1
4 2 11
4 2 12
4 2 13
4 2 19
4 2 27
4 2 3
4 2 33
4 2 37
4 2 4
4 2 40
4 2 5
4 2 51
4 2 59
4 2 69
4 2 7
4 2 71
4 2 8
4 2 87
4 2 9
4 20 0
4 3 0
4 3 1
4 3 10
4 3 14
4 3 2
4 3 21
4 3 22
4 3 25
4 3 29
4 3 30
4 3 37
4 3 38
4 3 4
4 3 41
4 3 42
4 3 5
4 3 50
4 3 53
4 3 54
4 3 58
4 3 6
4 3 62
4 3 65
4 3 73
4 3 77
4 3 8
4 3 89
4 3 9
4 3 93
4 3 94
4 4 0
4 4 10
4 4 100
4 4 16
4 4 2
4 4 20
4 4 22
4 4 26
4 4 28
4 4 3
4 4 30
4 4 32
4 4 34
4 4 4
4 4 48
4 4 50
4 4 52
4 4 54
4 4 6
4 4 64
4 4 70
4 4 72
4 4 74
4 4 8
4 4 82
4 4 86
4 4 92
4 4 94
4 4 96
4 5 1
4 5 10
4 5 11
4 5 13
4 5 15
4 5 19
4 5 2
4 5 21
4 5 23
4 5 27
4 5 29
4 5 3
4 5 31
4 5 35
4 5 39
4 5 43
4 5 5
4 5 6
4 5 65
4 5 7
4 5 75
4 5 77
4 5 79
4 5 81
4 5 87
4 5 9
4 5 91
4 6 0
4 6 1
4 6 11
4 6 15
4 6 16
4 6 19
4 6 20
4 6 23
4 6 24
4 6 27
4 6 3
4 6 31
4 6 32
4 6 35
4 6 39
4 6 4
4 6 43
4 6 44
4 6 47
4 6 48
4 6 5
4 6 51
4 6 52
4 6 7
4 6 83
4 6 87
4 6 91
4 7 0
4 7 1
4 7 10
4 7 13
4 7 14
4 7 17
4 7 18
4 7 2
4 7 21
4 7 22
4 7 26
4 7 30
4 7 34
4 7 38
4 7 6
4 8 0
4 8 10
4 8 16
4 8 2
4 8 20
4 8 3
4 8 4
4 8 6
4 8 8
4 9 10
4 9 11
4 9 13
4 9 15
4 9 17
4 9 19
4 9 2
4 9 3
4 9 5
4 9 7
4 9 9
5 0 1
5 0 10
5 0 2
5 0 22
5 0 3
5 0 5
5 0 6
5 0 7
5 0 75
5 0 87
5 0 9
5 1 0
5 1 10
5 1 11
5 1 2
5 1 23
5 1 3
5 1 4
5 1 6
5 1 63
5 1 7
5 1 71
5 1 8
5 1 91
5 10 4
5 11 1
5 11 5
5 12 2
5 12 6
5 13 3
5 14 0
5 15 1
5 18 0
5 2 0
5 2 1
5 2 10
5 2 2
5 2 33
5 2 37
5 2 4
5 2 40
5 2 5
5 2 6
5 2 69
5 2 8
5 3 0
5 3 1
5 3 21
5 3 25
5 3 29
5 3 37
5 3 4
5 3 41
5 3 5
5 3 53
5 3 65
5 3 73
5 3 77
5 3 89
5 3 9
5 3 93
5 4 1
5 4 10
5 4 2
5 4 22
5 4 26
5 4 3
5 4 30
5 4 34
5 4 5
5 4 50
5 4 54
5 4 6
5 4 7
5 4 70
5 4 74
5 4 82
5 4 86
5 4 94
5 5 0
5 5 10
5 5 11
5 5 15
5 5 19
5 5 2
5 5 23
5 5 27
5 5 3
5 5 31
5 5 35
5 5 39
5 5 4
5 5 43
5 5 6
5 5 7
5 5 75
5 5 79
5 5 8
5 5 87
5 5 91
5 6 0
5 6 16
5 6 2
5 6 20
5 6 24
5 6 32
5 6 4
5 6 44
5 6 48
5 6 5
5 6 52
5 7 1
5 7 13
5 7 17
5 7 21
5 7 4
5 7 5
5 8 10
5 8 2
5 8 3
5 8 5
5 8 6
5 9 10
5 9 11
5 9 15
5 9 19
5 9 3
5 9 7
6 0 0
6 0 1
6 0 3
6 0 4
6 0 5
6 0 7
6 0 75
6 0 87
6 0 9
6 1 0
6 1 1
6 1 10
6 1 2
6 1 4
6 1 5
6 1 6
6 1 8
6 2 1
6 2 10
6 2 2
6 2 3
6 2 33
6 2 37
6 2 5
6 2 6
6 2 69
6 2 7
6 3 0
6 3 2
6 3 3
6 3 4
6 4 0
6 4 1
6 4 3
6 4 4
6 4 5
6 5 0
6 5 1
6 5 10
6 5 2
6 5 4
6 5 5
6 5 6
6 6 1
6 6 2
6 7 2
6 8 3
6 9 10
7 0 0
7 0 1
7 0 10
7 0 2
7 0 4
7 0 5
7 0 6
7 0 8
7 0 9
7 1 0
7 1 1
7 1 3
7 1 4
7 1 5
7 1 7
7 1 8
7 2 0
7 2 10
7 2 2
7 2 3
7 2 4
7 2 6
7 2 7
7 3 1
7 3 2
7 3 3
7 3 7
7 4 1
7 4 2
7 4 4
7 5 0
7 5 1
7 5 5
7 6 2
8 0 0
8 0 2
8 0 3
8 0 4
8 0 7
8 1 1
8 1 2
8 1 3
8 1 5
8 2 0
8 2 1
8 2 3
8 2 4
8 2 5
8 3 1
8 3 2
8 4 2
8 4 4
8 5 2
8 5 5
9 0 1
9 0 2
9 0 3
9 0 7
9 1 0
9 1 2
9 1 3
9 2 0
9 2 1
9 2 2
9 2 4
9 3 0
9 3 1
9 4 2
